# Forma d'onda Burst Phase Agilent 33220A = 360.000 deg
"# Medie: 512, Campioni: 8000, CH1: Vout, CH3: Vin"
tempo_s,tensione_CH1_Vout_V,tensione_CH3_Vin_V
-4.687500000e-05,2.371859e-02,1.398995e-02
-4.625000000e-05,-1.608040e-02,-9.909546e-02
-4.562500000e-05,-2.693467e-02,-9.326632e-03
-4.500000000e-05,2.050251e-02,9.093466e-02
-4.437500000e-05,1.849246e-02,-1.165829e-02
-4.375000000e-05,-2.090452e-02,-9.792964e-02
-4.312500000e-05,-2.130653e-02,1.748743e-02
-4.250000000e-05,2.572864e-02,8.743717e-02
-4.187500000e-05,9.648240e-03,-3.847236e-02
-4.125000000e-05,-2.452261e-02,-9.093466e-02
-4.062500000e-05,-1.527638e-02,4.196984e-02
-4.000000000e-05,3.055276e-02,7.577888e-02
-3.937500000e-05,2.010050e-03,-6.178894e-02
-3.875000000e-05,-2.733668e-02,-7.577888e-02
-3.812500000e-05,-6.834170e-03,6.412060e-02
-3.750000000e-05,3.055276e-02,5.829145e-02
-3.687500000e-05,-3.216080e-03,-8.044220e-02
-3.625000000e-05,-2.894472e-02,-5.595979e-02
-3.562500000e-05,1.608040e-03,7.927637e-02
-3.500000000e-05,2.733668e-02,3.614070e-02
-3.437500000e-05,-1.045226e-02,-9.326632e-02
-3.375000000e-05,-2.773869e-02,-3.147738e-02
-3.312500000e-05,1.246231e-02,8.976883e-02
-3.250000000e-05,2.291457e-02,9.326632e-03
-3.187500000e-05,-1.728643e-02,-9.909546e-02
-3.125000000e-05,-2.532663e-02,-4.663316e-03
-3.062500000e-05,2.211055e-02,9.093466e-02
-3.000000000e-05,1.688442e-02,-1.632161e-02
-2.937500000e-05,-2.050251e-02,-9.792964e-02
-2.875000000e-05,-2.170854e-02,2.098492e-02
-2.812500000e-05,2.733668e-02,8.627135e-02
-2.750000000e-05,8.844220e-03,-4.196984e-02
-2.687500000e-05,-2.452261e-02,-8.860300e-02
-2.625000000e-05,-1.286432e-02,4.546733e-02
-2.562500000e-05,2.974874e-02,7.344723e-02
-2.500000000e-05,1.206030e-03,-6.528642e-02
-2.437500000e-05,-2.854271e-02,-7.344723e-02
-2.375000000e-05,-5.226130e-03,6.645225e-02
-2.312500000e-05,3.055276e-02,5.479396e-02
-2.250000000e-05,-6.030150e-03,-8.277386e-02
-2.187500000e-05,-2.894472e-02,-5.246231e-02
-2.125000000e-05,3.618090e-03,8.160803e-02
-2.062500000e-05,2.773869e-02,3.147738e-02
-2.000000000e-05,-1.206030e-02,-9.443215e-02
-1.937500000e-05,-2.814070e-02,-2.681407e-02
-1.875000000e-05,1.407035e-02,8.976883e-02
-1.812500000e-05,2.170854e-02,5.829145e-03
-1.750000000e-05,-1.648241e-02,-9.909546e-02
-1.687500000e-05,-2.613065e-02,0.000000e+00
-1.625000000e-05,2.291457e-02,9.093466e-02
-1.562500000e-05,1.567839e-02,-1.981909e-02
-1.500000000e-05,-2.170854e-02,-9.676381e-02
-1.437500000e-05,-1.929648e-02,2.564824e-02
-1.375000000e-05,2.733668e-02,8.393969e-02
-1.312500000e-05,8.040200e-03,-4.546733e-02
-1.250000000e-05,-2.532663e-02,-8.627135e-02
-1.187500000e-05,-1.246231e-02,4.896482e-02
-1.125000000e-05,3.135678e-02,7.111557e-02
-1.062500000e-05,-4.020100e-04,-6.761808e-02
-1.000000000e-05,-2.773869e-02,-6.994974e-02
-9.375000000e-06,-4.020100e-03,6.994974e-02
-8.750000000e-06,3.055276e-02,5.129648e-02
-8.125000000e-06,-6.030150e-03,-8.510552e-02
-7.500000000e-06,-2.974874e-02,-4.779899e-02
-6.875000000e-06,5.628140e-03,8.393969e-02
-6.250000000e-06,2.653266e-02,2.797990e-02
-5.625000000e-06,-1.286432e-02,-9.559798e-02
-5.000000000e-06,-2.773869e-02,-2.331658e-02
-4.375000000e-06,1.527638e-02,9.093466e-02
-3.750000000e-06,2.130653e-02,1.165829e-03
-3.125000000e-06,-1.889447e-02,-9.909546e-02
-2.500000000e-06,-2.412060e-02,3.497487e-03
-1.875000000e-06,2.371859e-02,9.093466e-02
-1.250000000e-06,1.447236e-02,-2.448241e-02
-6.250000000e-07,-2.130653e-02,-9.559798e-02
0.000000000e+00,-4.663316e-02,-4.663316e-03
6.250000000e-07,5.105527e-02,-3.497487e-03
1.250000000e-06,5.065326e-02,-3.497487e-03
1.875000000e-06,-5.025125e-02,-3.497487e-03
2.500000000e-06,-3.457286e-02,-3.497487e-03
3.125000000e-06,3.819095e-02,-3.497487e-03
3.750000000e-06,1.005025e-02,-3.497487e-03
4.375000000e-06,-2.854271e-02,-3.497487e-03
5.000000000e-06,-1.045226e-02,-3.497487e-03
5.625000000e-06,2.854271e-02,-3.497487e-03
6.250000000e-06,1.608040e-03,-3.497487e-03
6.875000000e-06,-2.854271e-02,-3.497487e-03
7.500000000e-06,-1.206030e-03,-3.497487e-03
8.125000000e-06,2.693467e-02,-3.497487e-03
8.750000000e-06,-4.824120e-03,-3.497487e-03
9.375000000e-06,-2.894472e-02,-3.497487e-03
1.000000000e-05,8.442210e-03,-3.497487e-03
1.062500000e-05,2.291457e-02,-3.497487e-03
1.125000000e-05,-1.085427e-02,-3.497487e-03
1.187500000e-05,-2.814070e-02,-3.497487e-03
1.250000000e-05,1.728643e-02,-3.497487e-03
1.312500000e-05,1.929648e-02,-3.497487e-03
1.375000000e-05,-1.648241e-02,-3.497487e-03
1.437500000e-05,-2.412060e-02,-3.497487e-03
1.500000000e-05,2.211055e-02,-3.497487e-03
1.562500000e-05,1.407035e-02,-3.497487e-03
1.625000000e-05,-2.211055e-02,-3.497487e-03
1.687500000e-05,-1.728643e-02,-3.497487e-03
1.750000000e-05,2.653266e-02,-3.497487e-03
1.812500000e-05,6.432160e-03,-3.497487e-03
1.875000000e-05,-2.532663e-02,-3.497487e-03
1.937500000e-05,-9.648240e-03,-3.497487e-03
2.000000000e-05,2.773869e-02,-3.497487e-03
2.062500000e-05,8.040200e-04,-3.497487e-03
2.125000000e-05,-2.854271e-02,-3.497487e-03
2.187500000e-05,0.000000e+00,-3.497487e-03
2.250000000e-05,2.613065e-02,-3.497487e-03
2.312500000e-05,-4.824120e-03,-3.497487e-03
2.375000000e-05,-2.974874e-02,-3.497487e-03
2.437500000e-05,9.246230e-03,-3.497487e-03
2.500000000e-05,2.331658e-02,-3.497487e-03
2.562500000e-05,-1.165829e-02,-3.497487e-03
2.625000000e-05,-2.693467e-02,-3.497487e-03
2.687500000e-05,1.809045e-02,-3.497487e-03
2.750000000e-05,1.809045e-02,-3.497487e-03
2.812500000e-05,-1.688442e-02,-3.497487e-03
2.875000000e-05,-2.371859e-02,-3.497487e-03
2.937500000e-05,2.412060e-02,-3.497487e-03
3.000000000e-05,1.246231e-02,-3.497487e-03
3.062500000e-05,-2.211055e-02,-3.497487e-03
3.125000000e-05,-1.648241e-02,-3.497487e-03
3.187500000e-05,2.613065e-02,-3.497487e-03
3.250000000e-05,6.432160e-03,-3.497487e-03
3.312500000e-05,-2.653266e-02,-3.497487e-03
3.375000000e-05,-7.638190e-03,-3.497487e-03
3.437500000e-05,2.733668e-02,-3.497487e-03
3.500000000e-05,0.000000e+00,-3.497487e-03
3.562500000e-05,-2.854271e-02,-3.497487e-03
3.625000000e-05,8.040200e-04,-3.497487e-03
3.687500000e-05,2.653266e-02,-3.497487e-03
3.750000000e-05,-5.628140e-03,-3.497487e-03
3.812500000e-05,-2.894472e-02,-3.497487e-03
3.875000000e-05,1.125628e-02,-3.497487e-03
3.937500000e-05,2.170854e-02,-3.497487e-03
4.000000000e-05,-1.206030e-02,-3.497487e-03
4.062500000e-05,-2.733668e-02,-3.497487e-03
4.125000000e-05,1.889447e-02,-3.497487e-03
4.187500000e-05,1.688442e-02,-3.497487e-03
4.250000000e-05,-1.809045e-02,-3.497487e-03
4.312500000e-05,-2.251256e-02,-3.497487e-03
4.375000000e-05,2.412060e-02,-3.497487e-03
4.437500000e-05,1.286432e-02,-3.497487e-03
4.500000000e-05,-2.331658e-02,-3.497487e-03
4.562500000e-05,-1.567839e-02,-3.497487e-03
4.625000000e-05,2.693467e-02,-3.497487e-03
4.687500000e-05,5.226130e-03,-3.497487e-03
4.750000000e-05,-2.733668e-02,-3.497487e-03
4.812500000e-05,-7.638190e-03,-3.497487e-03
4.875000000e-05,2.733668e-02,-3.497487e-03
4.937500000e-05,-4.020100e-04,-3.497487e-03
5.000000000e-05,-2.814070e-02,-3.497487e-03
5.062500000e-05,3.618090e-03,-3.497487e-03
5.125000000e-05,2.452261e-02,-3.497487e-03
5.187500000e-05,-6.432160e-03,-3.497487e-03
5.250000000e-05,-2.934673e-02,-3.497487e-03
5.312500000e-05,1.246231e-02,-3.497487e-03
5.375000000e-05,2.130653e-02,-3.497487e-03
5.437500000e-05,-1.366834e-02,-3.497487e-03
5.500000000e-05,-2.693467e-02,-3.497487e-03
5.562500000e-05,1.889447e-02,-3.497487e-03
5.625000000e-05,1.768844e-02,-3.497487e-03
5.687500000e-05,-1.889447e-02,-3.497487e-03
5.750000000e-05,-2.211055e-02,-3.497487e-03
5.812500000e-05,2.412060e-02,-3.497487e-03
5.875000000e-05,1.085427e-02,-3.497487e-03
5.937500000e-05,-2.211055e-02,-3.497487e-03
6.000000000e-05,-1.447236e-02,-3.497487e-03
6.062500000e-05,2.693467e-02,-3.497487e-03
6.125000000e-05,4.824120e-03,-3.497487e-03
6.187500000e-05,-2.653266e-02,-3.497487e-03
6.250000000e-05,-4.422110e-03,-3.497487e-03
6.312500000e-05,2.613065e-02,-3.497487e-03
6.375000000e-05,-1.206030e-03,-3.497487e-03
6.437500000e-05,-2.934673e-02,-3.497487e-03
6.500000000e-05,3.618090e-03,-3.497487e-03
6.562500000e-05,2.452261e-02,-3.497487e-03
6.625000000e-05,-7.236180e-03,-3.497487e-03
6.687500000e-05,-2.814070e-02,-3.497487e-03
6.750000000e-05,1.165829e-02,-3.497487e-03
6.812500000e-05,2.130653e-02,-3.497487e-03
6.875000000e-05,-1.366834e-02,-3.497487e-03
6.937500000e-05,-2.613065e-02,-3.497487e-03
7.000000000e-05,2.010050e-02,-3.497487e-03
7.062500000e-05,1.567839e-02,-3.497487e-03
7.125000000e-05,-1.929648e-02,-3.497487e-03
7.187500000e-05,-2.050251e-02,-3.497487e-03
7.250000000e-05,2.452261e-02,-3.497487e-03
7.312500000e-05,1.045226e-02,-3.497487e-03
7.375000000e-05,-2.412060e-02,-3.497487e-03
7.437500000e-05,-1.286432e-02,-3.497487e-03
7.500000000e-05,2.653266e-02,-3.497487e-03
7.562500000e-05,4.020100e-03,-3.497487e-03
7.625000000e-05,-2.693467e-02,-3.497487e-03
7.687500000e-05,-4.020100e-03,-3.497487e-03
7.750000000e-05,2.693467e-02,-3.497487e-03
7.812500000e-05,-2.412060e-03,-3.497487e-03
7.875000000e-05,-2.814070e-02,-3.497487e-03
7.937500000e-05,5.226130e-03,-3.497487e-03
8.000000000e-05,2.412060e-02,-3.497487e-03
8.062500000e-05,-8.442210e-03,-3.497487e-03
8.125000000e-05,-2.894472e-02,-3.497487e-03
8.187500000e-05,1.407035e-02,-3.497487e-03
8.250000000e-05,2.010050e-02,-3.497487e-03
8.312500000e-05,-1.447236e-02,-3.497487e-03
8.375000000e-05,-2.492462e-02,-3.497487e-03
8.437500000e-05,2.050251e-02,-3.497487e-03
8.500000000e-05,1.527638e-02,-3.497487e-03
8.562500000e-05,-2.050251e-02,-3.497487e-03
8.625000000e-05,-1.889447e-02,-3.497487e-03
8.687500000e-05,2.412060e-02,-3.497487e-03
8.750000000e-05,8.442210e-03,-3.497487e-03
8.812500000e-05,-2.492462e-02,-3.497487e-03
8.875000000e-05,-1.206030e-02,-3.497487e-03
8.937500000e-05,2.693467e-02,-3.497487e-03
9.000000000e-05,2.814070e-03,-3.497487e-03
9.062500000e-05,-2.693467e-02,-3.497487e-03
9.125000000e-05,-1.608040e-03,-3.497487e-03
9.187500000e-05,2.613065e-02,-3.497487e-03
9.250000000e-05,-2.814070e-03,-3.497487e-03
9.312500000e-05,-2.894472e-02,-3.497487e-03
9.375000000e-05,6.030150e-03,-3.497487e-03
9.437500000e-05,2.371859e-02,-3.497487e-03
9.500000000e-05,-9.246230e-03,-3.497487e-03
9.562500000e-05,-2.773869e-02,-3.497487e-03
9.625000000e-05,1.366834e-02,-3.497487e-03
9.687500000e-05,1.929648e-02,-3.497487e-03
9.750000000e-05,-1.527638e-02,-3.497487e-03
9.812500000e-05,-2.412060e-02,-3.497487e-03
9.875000000e-05,2.050251e-02,-3.497487e-03
9.937500000e-05,1.366834e-02,-3.497487e-03
1.000000000e-04,-2.050251e-02,-3.497487e-03
1.006250000e-04,-1.849246e-02,-3.497487e-03
1.012500000e-04,2.613065e-02,-3.497487e-03
1.018750000e-04,9.246230e-03,-3.497487e-03
1.025000000e-04,-2.532663e-02,-3.497487e-03
1.031250000e-04,-9.648240e-03,-3.497487e-03
1.037500000e-04,2.693467e-02,-3.497487e-03
1.043750000e-04,2.814070e-03,-3.497487e-03
1.050000000e-04,-2.653266e-02,-3.497487e-03
1.056250000e-04,-1.206030e-03,-3.497487e-03
1.062500000e-04,2.492462e-02,-3.497487e-03
1.068750000e-04,-4.824120e-03,-3.497487e-03
1.075000000e-04,-2.733668e-02,-3.497487e-03
1.081250000e-04,6.834170e-03,-3.497487e-03
1.087500000e-04,2.291457e-02,-3.497487e-03
1.093750000e-04,-9.648240e-03,-3.497487e-03
1.100000000e-04,-2.733668e-02,-3.497487e-03
1.106250000e-04,1.567839e-02,-3.497487e-03
1.112500000e-04,1.849246e-02,-3.497487e-03
1.118750000e-04,-1.567839e-02,-3.497487e-03
1.125000000e-04,-2.371859e-02,-3.497487e-03
1.131250000e-04,2.090452e-02,-3.497487e-03
1.137500000e-04,1.366834e-02,-3.497487e-03
1.143750000e-04,-2.170854e-02,-3.497487e-03
1.150000000e-04,-1.688442e-02,-3.497487e-03
1.156250000e-04,2.532663e-02,-3.497487e-03
1.162500000e-04,8.040200e-03,-3.497487e-03
1.168750000e-04,-2.452261e-02,-3.497487e-03
1.175000000e-04,-9.648240e-03,-3.497487e-03
1.181250000e-04,2.653266e-02,-3.497487e-03
1.187500000e-04,1.206030e-03,-3.497487e-03
1.193750000e-04,-2.693467e-02,-3.497487e-03
1.200000000e-04,-4.020100e-04,-3.497487e-03
1.206250000e-04,2.492462e-02,-3.497487e-03
1.212500000e-04,-4.422110e-03,-3.497487e-03
1.218750000e-04,-2.934673e-02,-3.497487e-03
1.225000000e-04,9.246230e-03,-3.497487e-03
1.231250000e-04,2.251256e-02,-3.497487e-03
1.237500000e-04,-1.045226e-02,-3.497487e-03
1.243750000e-04,-2.693467e-02,-3.497487e-03
1.250000000e-04,1.527638e-02,-3.497487e-03
1.256250000e-04,1.849246e-02,-3.497487e-03
1.262500000e-04,-1.728643e-02,-3.497487e-03
1.268750000e-04,-2.251256e-02,-3.497487e-03
1.275000000e-04,2.170854e-02,-3.497487e-03
1.281250000e-04,1.286432e-02,-3.497487e-03
1.287500000e-04,-2.090452e-02,-3.497487e-03
1.293750000e-04,-1.648241e-02,-3.497487e-03
1.300000000e-04,2.613065e-02,-3.497487e-03
1.306250000e-04,6.432160e-03,-3.497487e-03
1.312500000e-04,-2.572864e-02,-3.497487e-03
1.318750000e-04,-8.442210e-03,-3.497487e-03
1.325000000e-04,2.572864e-02,-3.497487e-03
1.331250000e-04,1.608040e-03,-3.497487e-03
1.337500000e-04,-2.773869e-02,-3.497487e-03
1.343750000e-04,8.040200e-04,-3.497487e-03
1.350000000e-04,2.492462e-02,-3.497487e-03
1.356250000e-04,-5.628140e-03,-3.497487e-03
1.362500000e-04,-2.773869e-02,-3.497487e-03
1.368750000e-04,8.844220e-03,-3.497487e-03
1.375000000e-04,2.291457e-02,-3.497487e-03
1.381250000e-04,-1.206030e-02,-3.497487e-03
1.387500000e-04,-2.693467e-02,-3.497487e-03
1.393750000e-04,1.688442e-02,-3.497487e-03
1.400000000e-04,1.688442e-02,-3.497487e-03
1.406250000e-04,-1.688442e-02,-3.497487e-03
1.412500000e-04,-2.170854e-02,-3.497487e-03
1.418750000e-04,2.291457e-02,-3.497487e-03
1.425000000e-04,1.206030e-02,-3.497487e-03
1.431250000e-04,-2.251256e-02,-3.497487e-03
1.437500000e-04,-1.487437e-02,-3.497487e-03
1.443750000e-04,2.532663e-02,-3.497487e-03
1.450000000e-04,5.226130e-03,-3.497487e-03
1.456250000e-04,-2.613065e-02,-3.497487e-03
1.462500000e-04,-7.236180e-03,-3.497487e-03
1.468750000e-04,2.693467e-02,-3.497487e-03
1.475000000e-04,-4.020100e-04,-3.497487e-03
1.481250000e-04,-2.733668e-02,-3.497487e-03
1.487500000e-04,1.608040e-03,-3.497487e-03
1.493750000e-04,2.452261e-02,-3.497487e-03
1.500000000e-04,-6.030150e-03,-3.497487e-03
1.506250000e-04,-2.814070e-02,-3.497487e-03
1.512500000e-04,1.085427e-02,-3.497487e-03
1.518750000e-04,2.090452e-02,-3.497487e-03
1.525000000e-04,-1.246231e-02,-3.497487e-03
1.531250000e-04,-2.572864e-02,-3.497487e-03
1.537500000e-04,1.688442e-02,-3.497487e-03
1.543750000e-04,1.688442e-02,-3.497487e-03
1.550000000e-04,-1.849246e-02,-3.497487e-03
1.556250000e-04,-2.050251e-02,-3.497487e-03
1.562500000e-04,2.331658e-02,-3.497487e-03
1.568750000e-04,1.045226e-02,-3.497487e-03
1.575000000e-04,-2.291457e-02,-3.497487e-03
1.581250000e-04,-1.447236e-02,-3.497487e-03
1.587500000e-04,2.613065e-02,-3.497487e-03
1.593750000e-04,4.824120e-03,-3.497487e-03
1.600000000e-04,-2.572864e-02,-3.497487e-03
1.606250000e-04,-6.030150e-03,-3.497487e-03
1.612500000e-04,2.532663e-02,-3.497487e-03
1.618750000e-04,-4.020100e-04,-3.497487e-03
1.625000000e-04,-2.733668e-02,-3.497487e-03
1.631250000e-04,3.216080e-03,-3.497487e-03
1.637500000e-04,2.412060e-02,-3.497487e-03
1.643750000e-04,-8.040200e-03,-3.497487e-03
1.650000000e-04,-2.693467e-02,-3.497487e-03
1.656250000e-04,1.125628e-02,-3.497487e-03
1.662500000e-04,2.090452e-02,-3.497487e-03
1.668750000e-04,-1.366834e-02,-3.497487e-03
1.675000000e-04,-2.452261e-02,-3.497487e-03
1.681250000e-04,1.889447e-02,-3.497487e-03
1.687500000e-04,1.527638e-02,-3.497487e-03
1.693750000e-04,-1.809045e-02,-3.497487e-03
1.700000000e-04,-2.010050e-02,-3.497487e-03
1.706250000e-04,2.291457e-02,-3.497487e-03
1.712500000e-04,1.045226e-02,-3.497487e-03
1.718750000e-04,-2.331658e-02,-3.497487e-03
1.725000000e-04,-1.246231e-02,-3.497487e-03
1.731250000e-04,2.532663e-02,-3.497487e-03
1.737500000e-04,4.422110e-03,-3.497487e-03
1.743750000e-04,-2.613065e-02,-3.497487e-03
1.750000000e-04,-4.824120e-03,-3.497487e-03
1.756250000e-04,2.572864e-02,-3.497487e-03
1.762500000e-04,-2.412060e-03,-3.497487e-03
1.768750000e-04,-2.693467e-02,-3.497487e-03
1.775000000e-04,4.020100e-03,-3.497487e-03
1.781250000e-04,2.371859e-02,-3.497487e-03
1.787500000e-04,-8.442210e-03,-3.497487e-03
1.793750000e-04,-2.773869e-02,-3.497487e-03
1.800000000e-04,1.286432e-02,-3.497487e-03
1.806250000e-04,1.889447e-02,-3.497487e-03
1.812500000e-04,-1.286432e-02,-3.497487e-03
1.818750000e-04,-2.412060e-02,-3.497487e-03
1.825000000e-04,1.889447e-02,-3.497487e-03
1.831250000e-04,1.527638e-02,-3.497487e-03
1.837500000e-04,-1.889447e-02,-3.497487e-03
1.843750000e-04,-1.809045e-02,-3.497487e-03
1.850000000e-04,2.331658e-02,-3.497487e-03
1.856250000e-04,8.442210e-03,-3.497487e-03
1.862500000e-04,-2.291457e-02,-3.497487e-03
1.868750000e-04,-1.206030e-02,-3.497487e-03
1.875000000e-04,2.613065e-02,-3.497487e-03
1.881250000e-04,3.618090e-03,-3.497487e-03
1.887500000e-04,-2.572864e-02,-3.497487e-03
1.893750000e-04,-3.618090e-03,-3.497487e-03
1.900000000e-04,2.492462e-02,-3.497487e-03
1.906250000e-04,-2.412060e-03,-3.497487e-03
1.912500000e-04,-2.733668e-02,-3.497487e-03
1.918750000e-04,6.432160e-03,-3.497487e-03
1.925000000e-04,2.211055e-02,-3.497487e-03
1.931250000e-04,-8.844220e-03,-3.497487e-03
1.937500000e-04,-2.613065e-02,-3.497487e-03
1.943750000e-04,1.286432e-02,-3.497487e-03
1.950000000e-04,1.929648e-02,-3.497487e-03
1.956250000e-04,-1.487437e-02,-3.497487e-03
1.962500000e-04,-2.371859e-02,-3.497487e-03
1.968750000e-04,1.929648e-02,-3.497487e-03
1.975000000e-04,1.366834e-02,-3.497487e-03
1.981250000e-04,-1.889447e-02,-3.497487e-03
1.987500000e-04,-1.809045e-02,-3.497487e-03
1.993750000e-04,2.371859e-02,-3.497487e-03
2.000000000e-04,7.236180e-03,-3.497487e-03
2.006250000e-04,-2.371859e-02,-3.497487e-03
2.012500000e-04,-1.045226e-02,-3.497487e-03
2.018750000e-04,2.572864e-02,-3.497487e-03
2.025000000e-04,3.216080e-03,-3.497487e-03
2.031250000e-04,-2.733668e-02,-3.497487e-03
2.037500000e-04,-2.412060e-03,-3.497487e-03
2.043750000e-04,2.572864e-02,-3.497487e-03
2.050000000e-04,-3.216080e-03,-3.497487e-03
2.056250000e-04,-2.693467e-02,-3.497487e-03
2.062500000e-04,5.628140e-03,-3.497487e-03
2.068750000e-04,2.251256e-02,-3.497487e-03
2.075000000e-04,-1.005025e-02,-3.497487e-03
2.081250000e-04,-2.653266e-02,-3.497487e-03
2.087500000e-04,1.407035e-02,-3.497487e-03
2.093750000e-04,1.809045e-02,-3.497487e-03
2.100000000e-04,-1.447236e-02,-3.497487e-03
2.106250000e-04,-2.331658e-02,-3.497487e-03
2.112500000e-04,2.010050e-02,-3.497487e-03
2.118750000e-04,1.326633e-02,-3.497487e-03
2.125000000e-04,-2.050251e-02,-3.497487e-03
2.131250000e-04,-1.688442e-02,-3.497487e-03
2.137500000e-04,2.452261e-02,-3.497487e-03
2.143750000e-04,7.638190e-03,-3.497487e-03
2.150000000e-04,-2.452261e-02,-3.497487e-03
2.156250000e-04,-9.648240e-03,-3.497487e-03
2.162500000e-04,2.613065e-02,-3.497487e-03
2.168750000e-04,1.206030e-03,-3.497487e-03
2.175000000e-04,-2.572864e-02,-3.497487e-03
2.181250000e-04,-1.206030e-03,-3.497487e-03
2.187500000e-04,2.492462e-02,-3.497487e-03
2.193750000e-04,-4.824120e-03,-3.497487e-03
2.200000000e-04,-2.653266e-02,-3.497487e-03
2.206250000e-04,8.442210e-03,-3.497487e-03
2.212500000e-04,2.170854e-02,-3.497487e-03
2.218750000e-04,-1.045226e-02,-3.497487e-03
2.225000000e-04,-2.613065e-02,-3.497487e-03
2.231250000e-04,1.487437e-02,-3.497487e-03
2.237500000e-04,1.768844e-02,-3.497487e-03
2.243750000e-04,-1.608040e-02,-3.497487e-03
2.250000000e-04,-2.211055e-02,-3.497487e-03
2.256250000e-04,2.010050e-02,-3.497487e-03
2.262500000e-04,1.206030e-02,-3.497487e-03
2.268750000e-04,-2.050251e-02,-3.497487e-03
2.275000000e-04,-1.648241e-02,-3.497487e-03
2.281250000e-04,2.452261e-02,-3.497487e-03
2.287500000e-04,6.030150e-03,-3.497487e-03
2.293750000e-04,-2.371859e-02,-3.497487e-03
2.300000000e-04,-8.040200e-03,-3.497487e-03
2.306250000e-04,2.532663e-02,-3.497487e-03
2.312500000e-04,8.040200e-04,-3.497487e-03
2.318750000e-04,-2.653266e-02,-3.497487e-03
2.325000000e-04,0.000000e+00,-3.497487e-03
2.331250000e-04,2.331658e-02,-3.497487e-03
2.337500000e-04,-5.628140e-03,-3.497487e-03
2.343750000e-04,-2.693467e-02,-3.497487e-03
2.350000000e-04,8.442210e-03,-3.497487e-03
2.356250000e-04,2.170854e-02,-3.497487e-03
2.362500000e-04,-1.165829e-02,-3.497487e-03
2.368750000e-04,-2.532663e-02,-3.497487e-03
2.375000000e-04,1.567839e-02,-3.497487e-03
2.381250000e-04,1.648241e-02,-3.497487e-03
2.387500000e-04,-1.567839e-02,-3.497487e-03
2.393750000e-04,-2.130653e-02,-3.497487e-03
2.400000000e-04,2.090452e-02,-3.497487e-03
2.406250000e-04,1.085427e-02,-3.497487e-03
2.412500000e-04,-2.050251e-02,-3.497487e-03
2.418750000e-04,-1.527638e-02,-3.497487e-03
2.425000000e-04,2.452261e-02,-3.497487e-03
2.431250000e-04,6.432160e-03,-3.497487e-03
2.437500000e-04,-2.492462e-02,-3.497487e-03
2.443750000e-04,-6.432160e-03,-3.497487e-03
2.450000000e-04,2.532663e-02,-3.497487e-03
2.456250000e-04,-8.040200e-04,-3.497487e-03
2.462500000e-04,-2.693467e-02,-3.497487e-03
2.468750000e-04,8.040200e-04,-3.497487e-03
2.475000000e-04,2.331658e-02,-3.497487e-03
2.481250000e-04,-6.030150e-03,-3.497487e-03
2.487500000e-04,-2.693467e-02,-3.497487e-03
2.493750000e-04,9.648240e-03,-3.497487e-03
2.500000000e-04,1.969849e-02,-3.497487e-03
2.506250000e-04,-1.045226e-02,-3.497487e-03
2.512500000e-04,-2.452261e-02,-3.497487e-03
2.518750000e-04,1.728643e-02,-3.497487e-03
2.525000000e-04,1.648241e-02,-3.497487e-03
2.531250000e-04,-1.768844e-02,-3.497487e-03
2.537500000e-04,-1.969849e-02,-3.497487e-03
2.543750000e-04,2.130653e-02,-3.497487e-03
2.550000000e-04,1.125628e-02,-3.497487e-03
2.556250000e-04,-2.170854e-02,-3.497487e-03
2.562500000e-04,-1.366834e-02,-3.497487e-03
2.568750000e-04,2.492462e-02,-3.497487e-03
2.575000000e-04,3.618090e-03,-3.497487e-03
2.581250000e-04,-2.452261e-02,-3.497487e-03
2.587500000e-04,-6.030150e-03,-3.497487e-03
2.593750000e-04,2.452261e-02,-3.497487e-03
2.600000000e-04,-4.020100e-04,-3.497487e-03
2.606250000e-04,-2.613065e-02,-3.497487e-03
2.612500000e-04,2.412060e-03,-3.497487e-03
2.618750000e-04,2.170854e-02,-3.497487e-03
2.625000000e-04,-6.432160e-03,-3.497487e-03
2.631250000e-04,-2.613065e-02,-3.497487e-03
2.637500000e-04,1.085427e-02,-3.497487e-03
2.643750000e-04,2.050251e-02,-3.497487e-03
2.650000000e-04,-1.246231e-02,-3.497487e-03
2.656250000e-04,-2.371859e-02,-3.497487e-03
2.662500000e-04,1.688442e-02,-3.497487e-03
2.668750000e-04,1.567839e-02,-3.497487e-03
2.675000000e-04,-1.768844e-02,-3.497487e-03
2.681250000e-04,-2.010050e-02,-3.497487e-03
2.687500000e-04,2.211055e-02,-3.497487e-03
2.693750000e-04,9.246230e-03,-3.497487e-03
2.700000000e-04,-2.130653e-02,-3.497487e-03
2.706250000e-04,-1.246231e-02,-3.497487e-03
2.712500000e-04,2.452261e-02,-3.497487e-03
2.718750000e-04,4.422110e-03,-3.497487e-03
2.725000000e-04,-2.572864e-02,-3.497487e-03
2.731250000e-04,-4.422110e-03,-3.497487e-03
2.737500000e-04,2.452261e-02,-3.497487e-03
2.743750000e-04,-1.608040e-03,-3.497487e-03
2.750000000e-04,-2.693467e-02,-3.497487e-03
2.756250000e-04,3.618090e-03,-3.497487e-03
2.762500000e-04,2.251256e-02,-3.497487e-03
2.768750000e-04,-8.040200e-03,-3.497487e-03
2.775000000e-04,-2.532663e-02,-3.497487e-03
2.781250000e-04,1.206030e-02,-3.497487e-03
2.787500000e-04,1.889447e-02,-3.497487e-03
2.793750000e-04,-1.206030e-02,-3.497487e-03
2.800000000e-04,-2.371859e-02,-3.497487e-03
2.806250000e-04,1.849246e-02,-3.497487e-03
2.812500000e-04,1.447236e-02,-3.497487e-03
2.818750000e-04,-1.849246e-02,-3.497487e-03
2.825000000e-04,-1.849246e-02,-3.497487e-03
2.831250000e-04,2.170854e-02,-3.497487e-03
2.837500000e-04,9.246230e-03,-3.497487e-03
2.843750000e-04,-2.291457e-02,-3.497487e-03
2.850000000e-04,-1.085427e-02,-3.497487e-03
2.856250000e-04,2.532663e-02,-3.497487e-03
2.862500000e-04,2.814070e-03,-3.497487e-03
2.868750000e-04,-2.492462e-02,-3.497487e-03
2.875000000e-04,-4.422110e-03,-3.497487e-03
2.881250000e-04,2.412060e-02,-3.497487e-03
2.887500000e-04,-2.814070e-03,-3.497487e-03
2.893750000e-04,-2.693467e-02,-3.497487e-03
2.900000000e-04,5.226130e-03,-3.497487e-03
2.906250000e-04,2.170854e-02,-3.497487e-03
2.912500000e-04,-8.040200e-03,-3.497487e-03
2.918750000e-04,-2.613065e-02,-3.497487e-03
2.925000000e-04,1.326633e-02,-3.497487e-03
2.931250000e-04,1.849246e-02,-3.497487e-03
2.937500000e-04,-1.407035e-02,-3.497487e-03
2.943750000e-04,-2.211055e-02,-3.497487e-03
2.950000000e-04,1.849246e-02,-3.497487e-03
2.956250000e-04,1.326633e-02,-3.497487e-03
2.962500000e-04,-1.969849e-02,-3.497487e-03
2.968750000e-04,-1.768844e-02,-3.497487e-03
2.975000000e-04,2.291457e-02,-3.497487e-03
2.981250000e-04,7.638190e-03,-3.497487e-03
2.987500000e-04,-2.170854e-02,-3.497487e-03
2.993750000e-04,-1.045226e-02,-3.497487e-03
3.000000000e-04,2.492462e-02,-3.497487e-03
3.006250000e-04,3.216080e-03,-3.497487e-03
3.012500000e-04,-2.613065e-02,-3.497487e-03
3.018750000e-04,-2.412060e-03,-3.497487e-03
3.025000000e-04,2.331658e-02,-3.497487e-03
3.031250000e-04,-2.412060e-03,-3.497487e-03
3.037500000e-04,-2.733668e-02,-3.497487e-03
3.043750000e-04,6.432160e-03,-3.497487e-03
3.050000000e-04,2.211055e-02,-3.497487e-03
3.056250000e-04,-9.246230e-03,-3.497487e-03
3.062500000e-04,-2.452261e-02,-3.497487e-03
3.068750000e-04,1.326633e-02,-3.497487e-03
3.075000000e-04,1.728643e-02,-3.497487e-03
3.081250000e-04,-1.407035e-02,-3.497487e-03
3.087500000e-04,-2.170854e-02,-3.497487e-03
3.093750000e-04,1.889447e-02,-3.497487e-03
3.100000000e-04,1.286432e-02,-3.497487e-03
3.106250000e-04,-1.929648e-02,-3.497487e-03
3.112500000e-04,-1.648241e-02,-3.497487e-03
3.118750000e-04,2.291457e-02,-3.497487e-03
3.125000000e-04,8.040200e-03,-3.497487e-03
3.131250000e-04,-2.331658e-02,-3.497487e-03
3.137500000e-04,-8.442210e-03,-3.497487e-03
3.143750000e-04,2.371859e-02,-3.497487e-03
3.150000000e-04,8.040200e-04,-3.497487e-03
3.156250000e-04,-2.492462e-02,-3.497487e-03
3.162500000e-04,-1.206030e-03,-3.497487e-03
3.168750000e-04,2.331658e-02,-3.497487e-03
3.175000000e-04,-4.020100e-03,-3.497487e-03
3.181250000e-04,-2.572864e-02,-3.497487e-03
3.187500000e-04,6.834170e-03,-3.497487e-03
3.193750000e-04,2.090452e-02,-3.497487e-03
3.200000000e-04,-8.844220e-03,-3.497487e-03
3.206250000e-04,-2.572864e-02,-3.497487e-03
3.212500000e-04,1.366834e-02,-3.497487e-03
3.218750000e-04,1.728643e-02,-3.497487e-03
3.225000000e-04,-1.487437e-02,-3.497487e-03
3.231250000e-04,-2.211055e-02,-3.497487e-03
3.237500000e-04,1.889447e-02,-3.497487e-03
3.243750000e-04,1.246231e-02,-3.497487e-03
3.250000000e-04,-2.050251e-02,-3.497487e-03
3.256250000e-04,-1.567839e-02,-3.497487e-03
3.262500000e-04,2.371859e-02,-3.497487e-03
3.268750000e-04,6.030150e-03,-3.497487e-03
3.275000000e-04,-2.291457e-02,-3.497487e-03
3.281250000e-04,-8.844220e-03,-3.497487e-03
3.287500000e-04,2.371859e-02,-3.497487e-03
3.293750000e-04,1.608040e-03,-3.497487e-03
3.300000000e-04,-2.613065e-02,-3.497487e-03
3.306250000e-04,-4.020100e-04,-3.497487e-03
3.312500000e-04,2.291457e-02,-3.497487e-03
3.318750000e-04,-3.618090e-03,-3.497487e-03
3.325000000e-04,-2.572864e-02,-3.497487e-03
3.331250000e-04,8.442210e-03,-3.497487e-03
3.337500000e-04,2.050251e-02,-3.497487e-03
3.343750000e-04,-1.125628e-02,-3.497487e-03
3.350000000e-04,-2.412060e-02,-3.497487e-03
3.356250000e-04,1.407035e-02,-3.497487e-03
3.362500000e-04,1.648241e-02,-3.497487e-03
3.368750000e-04,-1.527638e-02,-3.497487e-03
3.375000000e-04,-2.050251e-02,-3.497487e-03
3.381250000e-04,1.969849e-02,-3.497487e-03
3.387500000e-04,1.125628e-02,-3.497487e-03
3.393750000e-04,-1.929648e-02,-3.497487e-03
3.400000000e-04,-1.447236e-02,-3.497487e-03
3.406250000e-04,2.331658e-02,-3.497487e-03
3.412500000e-04,5.628140e-03,-3.497487e-03
3.418750000e-04,-2.452261e-02,-3.497487e-03
3.425000000e-04,-6.834170e-03,-3.497487e-03
3.431250000e-04,2.371859e-02,-3.497487e-03
3.437500000e-04,0.000000e+00,-3.497487e-03
3.443750000e-04,-2.572864e-02,-3.497487e-03
3.450000000e-04,8.040200e-04,-3.497487e-03
3.456250000e-04,2.251256e-02,-3.497487e-03
3.462500000e-04,-5.226130e-03,-3.497487e-03
3.468750000e-04,-2.532663e-02,-3.497487e-03
3.475000000e-04,9.246230e-03,-3.497487e-03
3.481250000e-04,1.969849e-02,-3.497487e-03
3.487500000e-04,-1.045226e-02,-3.497487e-03
3.493750000e-04,-2.452261e-02,-3.497487e-03
3.500000000e-04,1.527638e-02,-3.497487e-03
3.506250000e-04,1.567839e-02,-3.497487e-03
3.512500000e-04,-1.567839e-02,-3.497487e-03
3.518750000e-04,-1.849246e-02,-3.497487e-03
3.525000000e-04,1.969849e-02,-3.497487e-03
3.531250000e-04,1.085427e-02,-3.497487e-03
3.537500000e-04,-2.130653e-02,-3.497487e-03
3.543750000e-04,-1.326633e-02,-3.497487e-03
3.550000000e-04,2.331658e-02,-3.497487e-03
3.556250000e-04,4.824120e-03,-3.497487e-03
3.562500000e-04,-2.412060e-02,-3.497487e-03
3.568750000e-04,-6.834170e-03,-3.497487e-03
3.575000000e-04,2.371859e-02,-3.497487e-03
3.581250000e-04,0.000000e+00,-3.497487e-03
3.587500000e-04,-2.492462e-02,-3.497487e-03
3.593750000e-04,2.010050e-03,-3.497487e-03
3.600000000e-04,2.170854e-02,-3.497487e-03
3.606250000e-04,-5.628140e-03,-3.497487e-03
3.612500000e-04,-2.532663e-02,-3.497487e-03
3.618750000e-04,9.648240e-03,-3.497487e-03
3.625000000e-04,1.929648e-02,-3.497487e-03
3.631250000e-04,-1.246231e-02,-3.497487e-03
3.637500000e-04,-2.331658e-02,-3.497487e-03
3.643750000e-04,1.608040e-02,-3.497487e-03
3.650000000e-04,1.567839e-02,-3.497487e-03
3.656250000e-04,-1.648241e-02,-3.497487e-03
3.662500000e-04,-1.889447e-02,-3.497487e-03
3.668750000e-04,2.010050e-02,-3.497487e-03
3.675000000e-04,9.648240e-03,-3.497487e-03
3.681250000e-04,-2.050251e-02,-3.497487e-03
3.687500000e-04,-1.246231e-02,-3.497487e-03
3.693750000e-04,2.331658e-02,-3.497487e-03
3.700000000e-04,4.020100e-03,-3.497487e-03
3.706250000e-04,-2.452261e-02,-3.497487e-03
3.712500000e-04,-4.020100e-03,-3.497487e-03
3.718750000e-04,2.331658e-02,-3.497487e-03
3.725000000e-04,-4.020100e-04,-3.497487e-03
3.731250000e-04,-2.572864e-02,-3.497487e-03
3.737500000e-04,2.814070e-03,-3.497487e-03
3.743750000e-04,2.211055e-02,-3.497487e-03
3.750000000e-04,-7.236180e-03,-3.497487e-03
3.756250000e-04,-2.492462e-02,-3.497487e-03
3.762500000e-04,1.045226e-02,-3.497487e-03
3.768750000e-04,1.929648e-02,-3.497487e-03
3.775000000e-04,-1.246231e-02,-3.497487e-03
3.781250000e-04,-2.291457e-02,-3.497487e-03
3.787500000e-04,1.688442e-02,-3.497487e-03
3.793750000e-04,1.447236e-02,-3.497487e-03
3.800000000e-04,-1.688442e-02,-3.497487e-03
3.806250000e-04,-1.768844e-02,-3.497487e-03
3.812500000e-04,2.090452e-02,-3.497487e-03
3.818750000e-04,9.648240e-03,-3.497487e-03
3.825000000e-04,-2.170854e-02,-3.497487e-03
3.831250000e-04,-1.085427e-02,-3.497487e-03
3.837500000e-04,2.291457e-02,-3.497487e-03
3.843750000e-04,3.216080e-03,-3.497487e-03
3.850000000e-04,-2.492462e-02,-3.497487e-03
3.856250000e-04,-4.020100e-03,-3.497487e-03
3.862500000e-04,2.412060e-02,-3.497487e-03
3.868750000e-04,-2.412060e-03,-3.497487e-03
3.875000000e-04,-2.532663e-02,-3.497487e-03
3.881250000e-04,3.618090e-03,-3.497487e-03
3.887500000e-04,2.090452e-02,-3.497487e-03
3.893750000e-04,-7.638190e-03,-3.497487e-03
3.900000000e-04,-2.492462e-02,-3.497487e-03
3.906250000e-04,1.286432e-02,-3.497487e-03
3.912500000e-04,1.809045e-02,-3.497487e-03
3.918750000e-04,-1.326633e-02,-3.497487e-03
3.925000000e-04,-2.251256e-02,-3.497487e-03
3.931250000e-04,1.688442e-02,-3.497487e-03
3.937500000e-04,1.447236e-02,-3.497487e-03
3.943750000e-04,-1.768844e-02,-3.497487e-03
3.950000000e-04,-1.688442e-02,-3.497487e-03
3.956250000e-04,2.090452e-02,-3.497487e-03
3.962500000e-04,6.834170e-03,-3.497487e-03
3.968750000e-04,-2.170854e-02,-3.497487e-03
3.975000000e-04,-1.045226e-02,-3.497487e-03
3.981250000e-04,2.371859e-02,-3.497487e-03
3.987500000e-04,2.412060e-03,-3.497487e-03
3.993750000e-04,-2.492462e-02,-3.497487e-03
4.000000000e-04,-2.412060e-03,-3.497487e-03
4.006250000e-04,2.331658e-02,-3.497487e-03
4.012500000e-04,-2.814070e-03,-3.497487e-03
4.018750000e-04,-2.532663e-02,-3.497487e-03
4.025000000e-04,5.628140e-03,-3.497487e-03
4.031250000e-04,2.090452e-02,-3.497487e-03
4.037500000e-04,-9.246230e-03,-3.497487e-03
4.043750000e-04,-2.331658e-02,-3.497487e-03
4.050000000e-04,1.206030e-02,-3.497487e-03
4.056250000e-04,1.728643e-02,-3.497487e-03
4.062500000e-04,-1.407035e-02,-3.497487e-03
4.068750000e-04,-2.170854e-02,-3.497487e-03
4.075000000e-04,1.809045e-02,-3.497487e-03
4.081250000e-04,1.246231e-02,-3.497487e-03
4.087500000e-04,-1.728643e-02,-3.497487e-03
4.093750000e-04,-1.648241e-02,-3.497487e-03
4.100000000e-04,2.090452e-02,-3.497487e-03
4.106250000e-04,6.834170e-03,-3.497487e-03
4.112500000e-04,-2.211055e-02,-3.497487e-03
4.118750000e-04,-7.638190e-03,-3.497487e-03
4.125000000e-04,2.251256e-02,-3.497487e-03
4.131250000e-04,1.206030e-03,-3.497487e-03
4.137500000e-04,-2.492462e-02,-3.497487e-03
4.143750000e-04,-2.010050e-03,-3.497487e-03
4.150000000e-04,2.291457e-02,-3.497487e-03
4.156250000e-04,-4.020100e-03,-3.497487e-03
4.162500000e-04,-2.452261e-02,-3.497487e-03
4.168750000e-04,5.226130e-03,-3.497487e-03
4.175000000e-04,1.929648e-02,-3.497487e-03
4.181250000e-04,-8.844220e-03,-3.497487e-03
4.187500000e-04,-2.331658e-02,-3.497487e-03
4.193750000e-04,1.407035e-02,-3.497487e-03
4.200000000e-04,1.608040e-02,-3.497487e-03
4.206250000e-04,-1.407035e-02,-3.497487e-03
4.212500000e-04,-2.090452e-02,-3.497487e-03
4.218750000e-04,1.849246e-02,-3.497487e-03
4.225000000e-04,1.286432e-02,-3.497487e-03
4.231250000e-04,-1.889447e-02,-3.497487e-03
4.237500000e-04,-1.527638e-02,-3.497487e-03
4.243750000e-04,2.130653e-02,-3.497487e-03
4.250000000e-04,5.628140e-03,-3.497487e-03
4.256250000e-04,-2.211055e-02,-3.497487e-03
4.262500000e-04,-8.442210e-03,-3.497487e-03
4.268750000e-04,2.291457e-02,-3.497487e-03
4.275000000e-04,4.020100e-04,-3.497487e-03
4.281250000e-04,-2.492462e-02,-3.497487e-03
4.287500000e-04,-4.020100e-04,-3.497487e-03
4.293750000e-04,2.211055e-02,-3.497487e-03
4.300000000e-04,-3.618090e-03,-3.497487e-03
4.306250000e-04,-2.572864e-02,-3.497487e-03
4.312500000e-04,6.834170e-03,-3.497487e-03
4.318750000e-04,2.010050e-02,-3.497487e-03
4.325000000e-04,-1.045226e-02,-3.497487e-03
4.331250000e-04,-2.251256e-02,-3.497487e-03
4.337500000e-04,1.366834e-02,-3.497487e-03
4.343750000e-04,1.648241e-02,-3.497487e-03
4.350000000e-04,-1.567839e-02,-3.497487e-03
4.356250000e-04,-2.010050e-02,-3.497487e-03
4.362500000e-04,1.929648e-02,-3.497487e-03
4.368750000e-04,1.125628e-02,-3.497487e-03
4.375000000e-04,-1.889447e-02,-3.497487e-03
4.381250000e-04,-1.527638e-02,-3.497487e-03
4.387500000e-04,2.170854e-02,-3.497487e-03
4.393750000e-04,5.628140e-03,-3.497487e-03
4.400000000e-04,-2.291457e-02,-3.497487e-03
4.406250000e-04,-6.030150e-03,-3.497487e-03
4.412500000e-04,2.291457e-02,-3.497487e-03
4.418750000e-04,0.000000e+00,-3.497487e-03
4.425000000e-04,-2.532663e-02,-3.497487e-03
4.431250000e-04,0.000000e+00,-3.497487e-03
4.437500000e-04,2.291457e-02,-3.497487e-03
4.443750000e-04,-6.030150e-03,-3.497487e-03
4.450000000e-04,-2.452261e-02,-3.497487e-03
4.456250000e-04,7.236180e-03,-3.497487e-03
4.462500000e-04,1.929648e-02,-3.497487e-03
4.468750000e-04,-1.005025e-02,-3.497487e-03
4.475000000e-04,-2.211055e-02,-3.497487e-03
4.481250000e-04,1.567839e-02,-3.497487e-03
4.487500000e-04,1.487437e-02,-3.497487e-03
4.493750000e-04,-1.527638e-02,-3.497487e-03
4.500000000e-04,-1.929648e-02,-3.497487e-03
4.506250000e-04,1.889447e-02,-3.497487e-03
4.512500000e-04,1.125628e-02,-3.497487e-03
4.518750000e-04,-2.050251e-02,-3.497487e-03
4.525000000e-04,-1.407035e-02,-3.497487e-03
4.531250000e-04,2.130653e-02,-3.497487e-03
4.537500000e-04,5.226130e-03,-3.497487e-03
4.543750000e-04,-2.211055e-02,-3.497487e-03
4.550000000e-04,-5.628140e-03,-3.497487e-03
4.556250000e-04,2.251256e-02,-3.497487e-03
4.562500000e-04,-8.040200e-04,-3.497487e-03
4.568750000e-04,-2.412060e-02,-3.497487e-03
4.575000000e-04,2.010050e-03,-3.497487e-03
4.581250000e-04,2.170854e-02,-3.497487e-03
4.587500000e-04,-5.226130e-03,-3.497487e-03
4.593750000e-04,-2.492462e-02,-3.497487e-03
4.600000000e-04,9.246230e-03,-3.497487e-03
4.606250000e-04,1.809045e-02,-3.497487e-03
4.612500000e-04,-1.125628e-02,-3.497487e-03
4.618750000e-04,-2.130653e-02,-3.497487e-03
4.625000000e-04,1.527638e-02,-3.497487e-03
4.631250000e-04,1.447236e-02,-3.497487e-03
4.637500000e-04,-1.648241e-02,-3.497487e-03
4.643750000e-04,-1.809045e-02,-3.497487e-03
4.650000000e-04,2.050251e-02,-3.497487e-03
4.656250000e-04,9.648240e-03,-3.497487e-03
4.662500000e-04,-1.969849e-02,-3.497487e-03
4.668750000e-04,-1.286432e-02,-3.497487e-03
4.675000000e-04,2.211055e-02,-3.497487e-03
4.681250000e-04,4.020100e-03,-3.497487e-03
4.687500000e-04,-2.211055e-02,-3.497487e-03
4.693750000e-04,-4.020100e-03,-3.497487e-03
4.700000000e-04,2.211055e-02,-3.497487e-03
4.706250000e-04,-1.206030e-03,-3.497487e-03
4.712500000e-04,-2.532663e-02,-3.497487e-03
4.718750000e-04,2.010050e-03,-3.497487e-03
4.725000000e-04,2.090452e-02,-3.497487e-03
4.731250000e-04,-6.030150e-03,-3.497487e-03
4.737500000e-04,-2.452261e-02,-3.497487e-03
4.743750000e-04,9.648240e-03,-3.497487e-03
4.750000000e-04,1.849246e-02,-3.497487e-03
4.756250000e-04,-1.246231e-02,-3.497487e-03
4.762500000e-04,-2.170854e-02,-3.497487e-03
4.768750000e-04,1.608040e-02,-3.497487e-03
4.775000000e-04,1.286432e-02,-3.497487e-03
4.781250000e-04,-1.648241e-02,-3.497487e-03
4.787500000e-04,-1.768844e-02,-3.497487e-03
4.793750000e-04,2.050251e-02,-3.497487e-03
4.800000000e-04,8.844220e-03,-3.497487e-03
4.806250000e-04,-2.050251e-02,-3.497487e-03
4.812500000e-04,-1.206030e-02,-3.497487e-03
4.818750000e-04,2.170854e-02,-3.497487e-03
4.825000000e-04,4.020100e-03,-3.497487e-03
4.831250000e-04,-2.331658e-02,-3.497487e-03
4.837500000e-04,-3.618090e-03,-3.497487e-03
4.843750000e-04,2.211055e-02,-3.497487e-03
4.850000000e-04,-2.814070e-03,-3.497487e-03
4.856250000e-04,-2.452261e-02,-3.497487e-03
4.862500000e-04,2.814070e-03,-3.497487e-03
4.868750000e-04,2.130653e-02,-3.497487e-03
4.875000000e-04,-6.834170e-03,-3.497487e-03
4.881250000e-04,-2.412060e-02,-3.497487e-03
4.887500000e-04,1.045226e-02,-3.497487e-03
4.893750000e-04,1.688442e-02,-3.497487e-03
4.900000000e-04,-1.165829e-02,-3.497487e-03
4.906250000e-04,-2.090452e-02,-3.497487e-03
4.912500000e-04,1.648241e-02,-3.497487e-03
4.918750000e-04,1.246231e-02,-3.497487e-03
4.925000000e-04,-1.728643e-02,-3.497487e-03
4.931250000e-04,-1.648241e-02,-3.497487e-03
4.937500000e-04,2.050251e-02,-3.497487e-03
4.943750000e-04,8.040200e-03,-3.497487e-03
4.950000000e-04,-2.130653e-02,-3.497487e-03
4.956250000e-04,-1.085427e-02,-3.497487e-03
4.962500000e-04,2.291457e-02,-3.497487e-03
4.968750000e-04,2.412060e-03,-3.497487e-03
4.975000000e-04,-2.291457e-02,-3.497487e-03
4.981250000e-04,-2.814070e-03,-3.497487e-03
4.987500000e-04,2.170854e-02,-3.497487e-03
4.993750000e-04,-2.412060e-03,-3.497487e-03
5.000000000e-04,-2.412060e-02,-3.497487e-03
5.006250000e-04,5.226130e-03,-3.497487e-03
5.012500000e-04,1.969849e-02,-3.497487e-03
5.018750000e-04,-8.040200e-03,-3.497487e-03
5.025000000e-04,-2.331658e-02,-3.497487e-03
5.031250000e-04,1.125628e-02,-3.497487e-03
5.037500000e-04,1.768844e-02,-3.497487e-03
5.043750000e-04,-1.326633e-02,-3.497487e-03
5.050000000e-04,-2.090452e-02,-3.497487e-03
5.056250000e-04,1.688442e-02,-3.497487e-03
5.062500000e-04,1.165829e-02,-3.497487e-03
5.068750000e-04,-1.728643e-02,-3.497487e-03
5.075000000e-04,-1.608040e-02,-3.497487e-03
5.081250000e-04,2.090452e-02,-3.497487e-03
5.087500000e-04,7.236180e-03,-3.497487e-03
5.093750000e-04,-2.010050e-02,-3.497487e-03
5.100000000e-04,-9.648240e-03,-3.497487e-03
5.106250000e-04,2.130653e-02,-3.497487e-03
5.112500000e-04,2.814070e-03,-3.497487e-03
5.118750000e-04,-2.412060e-02,-3.497487e-03
5.125000000e-04,-1.608040e-03,-3.497487e-03
5.131250000e-04,2.170854e-02,-3.497487e-03
5.137500000e-04,-4.020100e-03,-3.497487e-03
5.143750000e-04,-2.412060e-02,-3.497487e-03
5.150000000e-04,5.628140e-03,-3.497487e-03
5.156250000e-04,2.050251e-02,-3.497487e-03
5.162500000e-04,-8.442210e-03,-3.497487e-03
5.168750000e-04,-2.371859e-02,-3.497487e-03
5.175000000e-04,1.206030e-02,-3.497487e-03
5.181250000e-04,1.567839e-02,-3.497487e-03
5.187500000e-04,-1.286432e-02,-3.497487e-03
5.193750000e-04,-2.050251e-02,-3.497487e-03
5.200000000e-04,1.768844e-02,-3.497487e-03
5.206250000e-04,1.085427e-02,-3.497487e-03
5.212500000e-04,-1.809045e-02,-3.497487e-03
5.218750000e-04,-1.447236e-02,-3.497487e-03
5.225000000e-04,2.090452e-02,-3.497487e-03
5.231250000e-04,6.834170e-03,-3.497487e-03
5.237500000e-04,-2.211055e-02,-3.497487e-03
5.243750000e-04,-8.844220e-03,-3.497487e-03
5.250000000e-04,2.211055e-02,-3.497487e-03
5.256250000e-04,8.040200e-04,-3.497487e-03
5.262500000e-04,-2.291457e-02,-3.497487e-03
5.268750000e-04,-8.040200e-04,-3.497487e-03
5.275000000e-04,2.090452e-02,-3.497487e-03
5.281250000e-04,-4.422110e-03,-3.497487e-03
5.287500000e-04,-2.412060e-02,-3.497487e-03
5.293750000e-04,7.236180e-03,-3.497487e-03
5.300000000e-04,1.849246e-02,-3.497487e-03
5.306250000e-04,-8.844220e-03,-3.497487e-03
5.312500000e-04,-2.291457e-02,-3.497487e-03
5.318750000e-04,1.326633e-02,-3.497487e-03
5.325000000e-04,1.608040e-02,-3.497487e-03
5.331250000e-04,-1.487437e-02,-3.497487e-03
5.337500000e-04,-1.929648e-02,-3.497487e-03
5.343750000e-04,1.809045e-02,-3.497487e-03
5.350000000e-04,1.045226e-02,-3.497487e-03
5.356250000e-04,-1.929648e-02,-3.497487e-03
5.362500000e-04,-1.407035e-02,-3.497487e-03
5.368750000e-04,2.130653e-02,-3.497487e-03
5.375000000e-04,5.628140e-03,-3.497487e-03
5.381250000e-04,-2.130653e-02,-3.497487e-03
5.387500000e-04,-7.236180e-03,-3.497487e-03
5.393750000e-04,2.170854e-02,-3.497487e-03
5.400000000e-04,8.040200e-04,-3.497487e-03
5.406250000e-04,-2.412060e-02,-3.497487e-03
5.412500000e-04,0.000000e+00,-3.497487e-03
5.418750000e-04,2.050251e-02,-3.497487e-03
5.425000000e-04,-5.226130e-03,-3.497487e-03
5.431250000e-04,-2.371859e-02,-3.497487e-03
5.437500000e-04,7.236180e-03,-3.497487e-03
5.443750000e-04,1.929648e-02,-3.497487e-03
5.450000000e-04,-1.045226e-02,-3.497487e-03
5.456250000e-04,-2.251256e-02,-3.497487e-03
5.462500000e-04,1.326633e-02,-3.497487e-03
5.468750000e-04,1.487437e-02,-3.497487e-03
5.475000000e-04,-1.447236e-02,-3.497487e-03
5.481250000e-04,-1.889447e-02,-3.497487e-03
5.487500000e-04,1.809045e-02,-3.497487e-03
5.493750000e-04,9.648240e-03,-3.497487e-03
5.500000000e-04,-1.889447e-02,-3.497487e-03
5.506250000e-04,-1.206030e-02,-3.497487e-03
5.512500000e-04,2.090452e-02,-3.497487e-03
5.518750000e-04,5.226130e-03,-3.497487e-03
5.525000000e-04,-2.291457e-02,-3.497487e-03
5.531250000e-04,-6.030150e-03,-3.497487e-03
5.537500000e-04,2.211055e-02,-3.497487e-03
5.543750000e-04,0.000000e+00,-3.497487e-03
5.550000000e-04,-2.371859e-02,-3.497487e-03
5.556250000e-04,8.040200e-04,-3.497487e-03
5.562500000e-04,2.050251e-02,-3.497487e-03
5.568750000e-04,-5.226130e-03,-3.497487e-03
5.575000000e-04,-2.331658e-02,-3.497487e-03
5.581250000e-04,8.844220e-03,-3.497487e-03
5.587500000e-04,1.768844e-02,-3.497487e-03
5.593750000e-04,-1.045226e-02,-3.497487e-03
5.600000000e-04,-2.211055e-02,-3.497487e-03
5.606250000e-04,1.447236e-02,-3.497487e-03
5.612500000e-04,1.447236e-02,-3.497487e-03
5.618750000e-04,-1.648241e-02,-3.497487e-03
5.625000000e-04,-1.728643e-02,-3.497487e-03
5.631250000e-04,1.849246e-02,-3.497487e-03
5.637500000e-04,1.045226e-02,-3.497487e-03
5.643750000e-04,-1.969849e-02,-3.497487e-03
5.650000000e-04,-1.206030e-02,-3.497487e-03
5.656250000e-04,2.130653e-02,-3.497487e-03
5.662500000e-04,4.422110e-03,-3.497487e-03
5.668750000e-04,-2.211055e-02,-3.497487e-03
5.675000000e-04,-5.628140e-03,-3.497487e-03
5.681250000e-04,2.130653e-02,-3.497487e-03
5.687500000e-04,-4.020100e-04,-3.497487e-03
5.693750000e-04,-2.412060e-02,-3.497487e-03
5.700000000e-04,2.010050e-03,-3.497487e-03
5.706250000e-04,2.010050e-02,-3.497487e-03
5.712500000e-04,-6.030150e-03,-3.497487e-03
5.718750000e-04,-2.371859e-02,-3.497487e-03
5.725000000e-04,9.246230e-03,-3.497487e-03
5.731250000e-04,1.768844e-02,-3.497487e-03
5.737500000e-04,-1.206030e-02,-3.497487e-03
5.743750000e-04,-2.050251e-02,-3.497487e-03
5.750000000e-04,1.487437e-02,-3.497487e-03
5.756250000e-04,1.326633e-02,-3.497487e-03
5.762500000e-04,-1.527638e-02,-3.497487e-03
5.768750000e-04,-1.688442e-02,-3.497487e-03
5.775000000e-04,1.969849e-02,-3.497487e-03
5.781250000e-04,8.442210e-03,-3.497487e-03
5.787500000e-04,-2.010050e-02,-3.497487e-03
5.793750000e-04,-1.125628e-02,-3.497487e-03
5.800000000e-04,2.050251e-02,-3.497487e-03
5.806250000e-04,4.422110e-03,-3.497487e-03
5.812500000e-04,-2.331658e-02,-3.497487e-03
5.818750000e-04,-4.020100e-03,-3.497487e-03
5.825000000e-04,2.090452e-02,-3.497487e-03
5.831250000e-04,-1.206030e-03,-3.497487e-03
5.837500000e-04,-2.291457e-02,-3.497487e-03
5.843750000e-04,2.814070e-03,-3.497487e-03
5.850000000e-04,2.010050e-02,-3.497487e-03
5.856250000e-04,-7.638190e-03,-3.497487e-03
5.862500000e-04,-2.211055e-02,-3.497487e-03
5.868750000e-04,9.246230e-03,-3.497487e-03
5.875000000e-04,1.648241e-02,-3.497487e-03
5.881250000e-04,-1.165829e-02,-3.497487e-03
5.887500000e-04,-2.130653e-02,-3.497487e-03
5.893750000e-04,1.567839e-02,-3.497487e-03
5.900000000e-04,1.286432e-02,-3.497487e-03
5.906250000e-04,-1.608040e-02,-3.497487e-03
5.912500000e-04,-1.608040e-02,-3.497487e-03
5.918750000e-04,1.889447e-02,-3.497487e-03
5.925000000e-04,7.638190e-03,-3.497487e-03
5.931250000e-04,-2.050251e-02,-3.497487e-03
5.937500000e-04,-1.005025e-02,-3.497487e-03
5.943750000e-04,2.130653e-02,-3.497487e-03
5.950000000e-04,2.412060e-03,-3.497487e-03
5.956250000e-04,-2.251256e-02,-3.497487e-03
5.962500000e-04,-3.216080e-03,-3.497487e-03
5.968750000e-04,2.211055e-02,-3.497487e-03
5.975000000e-04,-2.010050e-03,-3.497487e-03
5.981250000e-04,-2.371859e-02,-3.497487e-03
5.987500000e-04,4.020100e-03,-3.497487e-03
5.993750000e-04,1.889447e-02,-3.497487e-03
6.000000000e-04,-6.834170e-03,-3.497487e-03
6.006250000e-04,-2.291457e-02,-3.497487e-03
6.012500000e-04,1.085427e-02,-3.497487e-03
6.018750000e-04,1.648241e-02,-3.497487e-03
6.025000000e-04,-1.366834e-02,-3.497487e-03
6.031250000e-04,-1.889447e-02,-3.497487e-03
6.037500000e-04,1.608040e-02,-3.497487e-03
6.043750000e-04,1.246231e-02,-3.497487e-03
6.050000000e-04,-1.648241e-02,-3.497487e-03
6.056250000e-04,-1.527638e-02,-3.497487e-03
6.062500000e-04,1.929648e-02,-3.497487e-03
6.068750000e-04,7.236180e-03,-3.497487e-03
6.075000000e-04,-2.050251e-02,-3.497487e-03
6.081250000e-04,-8.844220e-03,-3.497487e-03
6.087500000e-04,2.130653e-02,-3.497487e-03
6.093750000e-04,1.608040e-03,-3.497487e-03
6.100000000e-04,-2.331658e-02,-3.497487e-03
6.106250000e-04,-8.040200e-04,-3.497487e-03
6.112500000e-04,2.090452e-02,-3.497487e-03
6.118750000e-04,-4.020100e-03,-3.497487e-03
6.125000000e-04,-2.331658e-02,-3.497487e-03
6.131250000e-04,5.226130e-03,-3.497487e-03
6.137500000e-04,1.929648e-02,-3.497487e-03
6.143750000e-04,-8.442210e-03,-3.497487e-03
6.150000000e-04,-2.170854e-02,-3.497487e-03
6.156250000e-04,1.085427e-02,-3.497487e-03
6.162500000e-04,1.608040e-02,-3.497487e-03
6.168750000e-04,-1.286432e-02,-3.497487e-03
6.175000000e-04,-1.929648e-02,-3.497487e-03
6.181250000e-04,1.728643e-02,-3.497487e-03
6.187500000e-04,1.125628e-02,-3.497487e-03
6.193750000e-04,-1.728643e-02,-3.497487e-03
6.200000000e-04,-1.407035e-02,-3.497487e-03
6.206250000e-04,2.010050e-02,-3.497487e-03
6.212500000e-04,6.432160e-03,-3.497487e-03
6.218750000e-04,-2.170854e-02,-3.497487e-03
6.225000000e-04,-7.638190e-03,-3.497487e-03
6.231250000e-04,2.130653e-02,-3.497487e-03
6.237500000e-04,8.040200e-04,-3.497487e-03
6.243750000e-04,-2.251256e-02,-3.497487e-03
6.250000000e-04,-1.206030e-03,-3.497487e-03
6.256250000e-04,2.050251e-02,-3.497487e-03
6.262500000e-04,-4.824120e-03,-3.497487e-03
6.268750000e-04,-2.371859e-02,-3.497487e-03
6.275000000e-04,6.030150e-03,-3.497487e-03
6.281250000e-04,1.768844e-02,-3.497487e-03
6.287500000e-04,-7.638190e-03,-3.497487e-03
6.293750000e-04,-2.211055e-02,-3.497487e-03
6.300000000e-04,1.286432e-02,-3.497487e-03
6.306250000e-04,1.527638e-02,-3.497487e-03
6.312500000e-04,-1.487437e-02,-3.497487e-03
6.318750000e-04,-1.849246e-02,-3.497487e-03
6.325000000e-04,1.648241e-02,-3.497487e-03
6.331250000e-04,1.005025e-02,-3.497487e-03
6.337500000e-04,-1.889447e-02,-3.497487e-03
6.343750000e-04,-1.286432e-02,-3.497487e-03
6.350000000e-04,1.969849e-02,-3.497487e-03
6.356250000e-04,4.824120e-03,-3.497487e-03
6.362500000e-04,-1.969849e-02,-3.497487e-03
6.368750000e-04,-7.236180e-03,-3.497487e-03
6.375000000e-04,2.050251e-02,-3.497487e-03
6.381250000e-04,8.040200e-04,-3.497487e-03
6.387500000e-04,-2.251256e-02,-3.497487e-03
6.393750000e-04,4.020100e-04,-3.497487e-03
6.400000000e-04,2.010050e-02,-3.497487e-03
6.406250000e-04,-4.422110e-03,-3.497487e-03
6.412500000e-04,-2.371859e-02,-3.497487e-03
6.418750000e-04,7.236180e-03,-3.497487e-03
6.425000000e-04,1.849246e-02,-3.497487e-03
6.431250000e-04,-1.005025e-02,-3.497487e-03
6.437500000e-04,-2.130653e-02,-3.497487e-03
6.443750000e-04,1.206030e-02,-3.497487e-03
6.450000000e-04,1.447236e-02,-3.497487e-03
6.456250000e-04,-1.447236e-02,-3.497487e-03
6.462500000e-04,-1.768844e-02,-3.497487e-03
6.468750000e-04,1.768844e-02,-3.497487e-03
6.475000000e-04,9.648240e-03,-3.497487e-03
6.481250000e-04,-1.809045e-02,-3.497487e-03
6.487500000e-04,-1.206030e-02,-3.497487e-03
6.493750000e-04,2.050251e-02,-3.497487e-03
6.500000000e-04,5.628140e-03,-3.497487e-03
6.506250000e-04,-2.251256e-02,-3.497487e-03
6.512500000e-04,-5.628140e-03,-3.497487e-03
6.518750000e-04,2.090452e-02,-3.497487e-03
6.525000000e-04,0.000000e+00,-3.497487e-03
6.531250000e-04,-2.291457e-02,-3.497487e-03
6.537500000e-04,8.040200e-04,-3.497487e-03
6.543750000e-04,2.010050e-02,-3.497487e-03
6.550000000e-04,-6.030150e-03,-3.497487e-03
6.556250000e-04,-2.251256e-02,-3.497487e-03
6.562500000e-04,7.236180e-03,-3.497487e-03
6.568750000e-04,1.728643e-02,-3.497487e-03
6.575000000e-04,-1.005025e-02,-3.497487e-03
6.581250000e-04,-2.130653e-02,-3.497487e-03
6.587500000e-04,1.407035e-02,-3.497487e-03
6.593750000e-04,1.366834e-02,-3.497487e-03
6.600000000e-04,-1.447236e-02,-3.497487e-03
6.606250000e-04,-1.648241e-02,-3.497487e-03
6.612500000e-04,1.768844e-02,-3.497487e-03
6.618750000e-04,9.648240e-03,-3.497487e-03
6.625000000e-04,-1.929648e-02,-3.497487e-03
6.631250000e-04,-1.085427e-02,-3.497487e-03
6.637500000e-04,2.010050e-02,-3.497487e-03
6.643750000e-04,3.216080e-03,-3.497487e-03
6.650000000e-04,-2.090452e-02,-3.497487e-03
6.656250000e-04,-5.226130e-03,-3.497487e-03
6.662500000e-04,2.090452e-02,-3.497487e-03
6.668750000e-04,-1.206030e-03,-3.497487e-03
6.675000000e-04,-2.211055e-02,-3.497487e-03
6.681250000e-04,1.608040e-03,-3.497487e-03
6.687500000e-04,1.889447e-02,-3.497487e-03
6.693750000e-04,-6.432160e-03,-3.497487e-03
6.700000000e-04,-2.251256e-02,-3.497487e-03
6.706250000e-04,8.844220e-03,-3.497487e-03
6.712500000e-04,1.728643e-02,-3.497487e-03
6.718750000e-04,-1.125628e-02,-3.497487e-03
6.725000000e-04,-1.969849e-02,-3.497487e-03
6.731250000e-04,1.326633e-02,-3.497487e-03
6.737500000e-04,1.286432e-02,-3.497487e-03
6.743750000e-04,-1.567839e-02,-3.497487e-03
6.750000000e-04,-1.648241e-02,-3.497487e-03
6.756250000e-04,1.809045e-02,-3.497487e-03
6.762500000e-04,8.040200e-03,-3.497487e-03
6.768750000e-04,-1.889447e-02,-3.497487e-03
6.775000000e-04,-1.085427e-02,-3.497487e-03
6.781250000e-04,2.090452e-02,-3.497487e-03
6.787500000e-04,4.020100e-03,-3.497487e-03
6.793750000e-04,-2.211055e-02,-3.497487e-03
6.800000000e-04,-4.020100e-03,-3.497487e-03
6.806250000e-04,1.969849e-02,-3.497487e-03
6.812500000e-04,-1.608040e-03,-3.497487e-03
6.818750000e-04,-2.291457e-02,-3.497487e-03
6.825000000e-04,2.010050e-03,-3.497487e-03
6.831250000e-04,1.929648e-02,-3.497487e-03
6.837500000e-04,-7.236180e-03,-3.497487e-03
6.843750000e-04,-2.170854e-02,-3.497487e-03
6.850000000e-04,8.844220e-03,-3.497487e-03
6.856250000e-04,1.608040e-02,-3.497487e-03
6.862500000e-04,-1.085427e-02,-3.497487e-03
6.868750000e-04,-2.010050e-02,-3.497487e-03
6.875000000e-04,1.487437e-02,-3.497487e-03
6.881250000e-04,1.206030e-02,-3.497487e-03
6.887500000e-04,-1.608040e-02,-3.497487e-03
6.893750000e-04,-1.608040e-02,-3.497487e-03
6.900000000e-04,1.768844e-02,-3.497487e-03
6.906250000e-04,8.040200e-03,-3.497487e-03
6.912500000e-04,-1.969849e-02,-3.497487e-03
6.918750000e-04,-9.246230e-03,-3.497487e-03
6.925000000e-04,2.050251e-02,-3.497487e-03
6.931250000e-04,2.412060e-03,-3.497487e-03
6.937500000e-04,-2.130653e-02,-3.497487e-03
6.943750000e-04,-4.020100e-03,-3.497487e-03
6.950000000e-04,2.050251e-02,-3.497487e-03
6.956250000e-04,-2.814070e-03,-3.497487e-03
6.962500000e-04,-2.170854e-02,-3.497487e-03
6.968750000e-04,3.618090e-03,-3.497487e-03
6.975000000e-04,1.809045e-02,-3.497487e-03
6.981250000e-04,-6.432160e-03,-3.497487e-03
6.987500000e-04,-2.170854e-02,-3.497487e-03
6.993750000e-04,1.045226e-02,-3.497487e-03
7.000000000e-04,1.567839e-02,-3.497487e-03
7.006250000e-04,-1.206030e-02,-3.497487e-03
7.012500000e-04,-1.929648e-02,-3.497487e-03
7.018750000e-04,1.447236e-02,-3.497487e-03
7.025000000e-04,1.206030e-02,-3.497487e-03
7.031250000e-04,-1.688442e-02,-3.497487e-03
7.037500000e-04,-1.487437e-02,-3.497487e-03
7.043750000e-04,1.809045e-02,-3.497487e-03
7.050000000e-04,6.432160e-03,-3.497487e-03
7.056250000e-04,-1.889447e-02,-3.497487e-03
7.062500000e-04,-8.844220e-03,-3.497487e-03
7.068750000e-04,2.090452e-02,-3.497487e-03
7.075000000e-04,2.010050e-03,-3.497487e-03
7.081250000e-04,-2.211055e-02,-3.497487e-03
7.087500000e-04,-2.010050e-03,-3.497487e-03
7.093750000e-04,1.969849e-02,-3.497487e-03
7.100000000e-04,-2.814070e-03,-3.497487e-03
7.106250000e-04,-2.170854e-02,-3.497487e-03
7.112500000e-04,3.618090e-03,-3.497487e-03
7.118750000e-04,1.768844e-02,-3.497487e-03
7.125000000e-04,-8.040200e-03,-3.497487e-03
7.131250000e-04,-2.010050e-02,-3.497487e-03
7.137500000e-04,1.045226e-02,-3.497487e-03
7.143750000e-04,1.487437e-02,-3.497487e-03
7.150000000e-04,-1.246231e-02,-3.497487e-03
7.156250000e-04,-1.929648e-02,-3.497487e-03
7.162500000e-04,1.567839e-02,-3.497487e-03
7.168750000e-04,1.085427e-02,-3.497487e-03
7.175000000e-04,-1.567839e-02,-3.497487e-03
7.181250000e-04,-1.407035e-02,-3.497487e-03
7.187500000e-04,1.849246e-02,-3.497487e-03
7.193750000e-04,6.030150e-03,-3.497487e-03
7.200000000e-04,-1.969849e-02,-3.497487e-03
7.206250000e-04,-7.638190e-03,-3.497487e-03
7.212500000e-04,1.969849e-02,-3.497487e-03
7.218750000e-04,1.608040e-03,-3.497487e-03
7.225000000e-04,-2.251256e-02,-3.497487e-03
7.231250000e-04,-2.010050e-03,-3.497487e-03
7.237500000e-04,2.010050e-02,-3.497487e-03
7.243750000e-04,-4.020100e-03,-3.497487e-03
7.250000000e-04,-2.170854e-02,-3.497487e-03
7.256250000e-04,5.226130e-03,-3.497487e-03
7.262500000e-04,1.648241e-02,-3.497487e-03
7.268750000e-04,-8.040200e-03,-3.497487e-03
7.275000000e-04,-2.050251e-02,-3.497487e-03
7.281250000e-04,1.206030e-02,-3.497487e-03
7.287500000e-04,1.407035e-02,-3.497487e-03
7.293750000e-04,-1.286432e-02,-3.497487e-03
7.300000000e-04,-1.809045e-02,-3.497487e-03
7.306250000e-04,1.608040e-02,-3.497487e-03
7.312500000e-04,1.085427e-02,-3.497487e-03
7.318750000e-04,-1.728643e-02,-3.497487e-03
7.325000000e-04,-1.246231e-02,-3.497487e-03
7.331250000e-04,1.809045e-02,-3.497487e-03
7.337500000e-04,4.824120e-03,-3.497487e-03
7.343750000e-04,-1.929648e-02,-3.497487e-03
7.350000000e-04,-7.236180e-03,-3.497487e-03
7.356250000e-04,2.010050e-02,-3.497487e-03
7.362500000e-04,4.020100e-04,-3.497487e-03
7.368750000e-04,-2.130653e-02,-3.497487e-03
7.375000000e-04,-4.020100e-04,-3.497487e-03
7.381250000e-04,1.929648e-02,-3.497487e-03
7.387500000e-04,-3.618090e-03,-3.497487e-03
7.393750000e-04,-2.251256e-02,-3.497487e-03
7.400000000e-04,6.030150e-03,-3.497487e-03
7.406250000e-04,1.688442e-02,-3.497487e-03
7.412500000e-04,-8.844220e-03,-3.497487e-03
7.418750000e-04,-2.010050e-02,-3.497487e-03
7.425000000e-04,1.165829e-02,-3.497487e-03
7.431250000e-04,1.447236e-02,-3.497487e-03
7.437500000e-04,-1.286432e-02,-3.497487e-03
7.443750000e-04,-1.768844e-02,-3.497487e-03
7.450000000e-04,1.648241e-02,-3.497487e-03
7.456250000e-04,9.246230e-03,-3.497487e-03
7.462500000e-04,-1.688442e-02,-3.497487e-03
7.468750000e-04,-1.246231e-02,-3.497487e-03
7.475000000e-04,1.889447e-02,-3.497487e-03
7.481250000e-04,4.422110e-03,-3.497487e-03
7.487500000e-04,-2.050251e-02,-3.497487e-03
7.493750000e-04,-4.824120e-03,-3.497487e-03
7.500000000e-04,1.969849e-02,-3.497487e-03
7.506250000e-04,4.020100e-04,-3.497487e-03
7.512500000e-04,-2.251256e-02,-3.497487e-03
7.518750000e-04,0.000000e+00,-3.497487e-03
7.525000000e-04,1.889447e-02,-3.497487e-03
7.531250000e-04,-4.824120e-03,-3.497487e-03
7.537500000e-04,-2.130653e-02,-3.497487e-03
7.543750000e-04,6.432160e-03,-3.497487e-03
7.550000000e-04,1.608040e-02,-3.497487e-03
7.556250000e-04,-9.246230e-03,-3.497487e-03
7.562500000e-04,-1.969849e-02,-3.497487e-03
7.568750000e-04,1.286432e-02,-3.497487e-03
7.575000000e-04,1.286432e-02,-3.497487e-03
7.581250000e-04,-1.407035e-02,-3.497487e-03
7.587500000e-04,-1.688442e-02,-3.497487e-03
7.593750000e-04,1.648241e-02,-3.497487e-03
7.600000000e-04,9.246230e-03,-3.497487e-03
7.606250000e-04,-1.849246e-02,-3.497487e-03
7.612500000e-04,-1.045226e-02,-3.497487e-03
7.618750000e-04,1.929648e-02,-3.497487e-03
7.625000000e-04,3.216080e-03,-3.497487e-03
7.631250000e-04,-2.050251e-02,-3.497487e-03
7.637500000e-04,-4.824120e-03,-3.497487e-03
7.643750000e-04,2.010050e-02,-3.497487e-03
7.650000000e-04,-8.040200e-04,-3.497487e-03
7.656250000e-04,-2.090452e-02,-3.497487e-03
7.662500000e-04,8.040200e-04,-3.497487e-03
7.668750000e-04,1.849246e-02,-3.497487e-03
7.675000000e-04,-4.824120e-03,-3.497487e-03
7.681250000e-04,-2.211055e-02,-3.497487e-03
7.687500000e-04,8.442210e-03,-3.497487e-03
7.693750000e-04,1.527638e-02,-3.497487e-03
7.700000000e-04,-1.005025e-02,-3.497487e-03
7.706250000e-04,-1.889447e-02,-3.497487e-03
7.712500000e-04,1.366834e-02,-3.497487e-03
7.718750000e-04,1.326633e-02,-3.497487e-03
7.725000000e-04,-1.487437e-02,-3.497487e-03
7.731250000e-04,-1.608040e-02,-3.497487e-03
7.737500000e-04,1.648241e-02,-3.497487e-03
7.743750000e-04,8.442210e-03,-3.497487e-03
7.750000000e-04,-1.768844e-02,-3.497487e-03
7.756250000e-04,-1.085427e-02,-3.497487e-03
7.762500000e-04,1.929648e-02,-3.497487e-03
7.768750000e-04,2.412060e-03,-3.497487e-03
7.775000000e-04,-2.090452e-02,-3.497487e-03
7.781250000e-04,-3.618090e-03,-3.497487e-03
7.787500000e-04,1.929648e-02,-3.497487e-03
7.793750000e-04,-1.206030e-03,-3.497487e-03
7.800000000e-04,-2.211055e-02,-3.497487e-03
7.806250000e-04,2.412060e-03,-3.497487e-03
7.812500000e-04,1.849246e-02,-3.497487e-03
7.818750000e-04,-6.030150e-03,-3.497487e-03
7.825000000e-04,-2.130653e-02,-3.497487e-03
7.831250000e-04,7.638190e-03,-3.497487e-03
7.837500000e-04,1.527638e-02,-3.497487e-03
7.843750000e-04,-1.085427e-02,-3.497487e-03
7.850000000e-04,-1.849246e-02,-3.497487e-03
7.856250000e-04,1.407035e-02,-3.497487e-03
7.862500000e-04,1.125628e-02,-3.497487e-03
7.868750000e-04,-1.527638e-02,-3.497487e-03
7.875000000e-04,-1.567839e-02,-3.497487e-03
7.881250000e-04,1.728643e-02,-3.497487e-03
7.887500000e-04,7.638190e-03,-3.497487e-03
7.893750000e-04,-1.849246e-02,-3.497487e-03
7.900000000e-04,-9.648240e-03,-3.497487e-03
7.906250000e-04,1.889447e-02,-3.497487e-03
7.912500000e-04,2.814070e-03,-3.497487e-03
7.918750000e-04,-2.130653e-02,-3.497487e-03
7.925000000e-04,-3.216080e-03,-3.497487e-03
7.931250000e-04,1.969849e-02,-3.497487e-03
7.937500000e-04,-2.010050e-03,-3.497487e-03
7.943750000e-04,-2.090452e-02,-3.497487e-03
7.950000000e-04,3.216080e-03,-3.497487e-03
7.956250000e-04,1.768844e-02,-3.497487e-03
7.962500000e-04,-6.834170e-03,-3.497487e-03
7.968750000e-04,-2.130653e-02,-3.497487e-03
7.975000000e-04,1.005025e-02,-3.497487e-03
7.981250000e-04,1.447236e-02,-3.497487e-03
7.987500000e-04,-1.165829e-02,-3.497487e-03
7.993750000e-04,-1.849246e-02,-3.497487e-03
8.000000000e-04,1.447236e-02,-3.497487e-03
8.006250000e-04,1.125628e-02,-3.497487e-03
8.012500000e-04,-1.648241e-02,-3.497487e-03
8.018750000e-04,-1.366834e-02,-3.497487e-03
8.025000000e-04,1.688442e-02,-3.497487e-03
8.031250000e-04,6.432160e-03,-3.497487e-03
8.037500000e-04,-1.809045e-02,-3.497487e-03
8.043750000e-04,-8.442210e-03,-3.497487e-03
8.050000000e-04,1.929648e-02,-3.497487e-03
8.056250000e-04,1.206030e-03,-3.497487e-03
8.062500000e-04,-2.050251e-02,-3.497487e-03
8.068750000e-04,-1.608040e-03,-3.497487e-03
8.075000000e-04,1.849246e-02,-3.497487e-03
8.081250000e-04,-2.010050e-03,-3.497487e-03
8.087500000e-04,-2.170854e-02,-3.497487e-03
8.093750000e-04,3.618090e-03,-3.497487e-03
8.100000000e-04,1.728643e-02,-3.497487e-03
8.106250000e-04,-6.834170e-03,-3.497487e-03
8.112500000e-04,-2.050251e-02,-3.497487e-03
8.118750000e-04,9.246230e-03,-3.497487e-03
8.125000000e-04,1.447236e-02,-3.497487e-03
8.131250000e-04,-1.206030e-02,-3.497487e-03
8.137500000e-04,-1.728643e-02,-3.497487e-03
8.143750000e-04,1.487437e-02,-3.497487e-03
8.150000000e-04,1.045226e-02,-3.497487e-03
8.156250000e-04,-1.527638e-02,-3.497487e-03
8.162500000e-04,-1.407035e-02,-3.497487e-03
8.168750000e-04,1.809045e-02,-3.497487e-03
8.175000000e-04,6.432160e-03,-3.497487e-03
8.181250000e-04,-1.889447e-02,-3.497487e-03
8.187500000e-04,-8.040200e-03,-3.497487e-03
8.193750000e-04,1.809045e-02,-3.497487e-03
8.200000000e-04,1.608040e-03,-3.497487e-03
8.206250000e-04,-2.170854e-02,-3.497487e-03
8.212500000e-04,-1.206030e-03,-3.497487e-03
8.218750000e-04,1.929648e-02,-3.497487e-03
8.225000000e-04,-2.814070e-03,-3.497487e-03
8.231250000e-04,-2.090452e-02,-3.497487e-03
8.237500000e-04,4.422110e-03,-3.497487e-03
8.243750000e-04,1.728643e-02,-3.497487e-03
8.250000000e-04,-7.638190e-03,-3.497487e-03
8.256250000e-04,-2.050251e-02,-3.497487e-03
8.262500000e-04,1.085427e-02,-3.497487e-03
8.268750000e-04,1.326633e-02,-3.497487e-03
8.275000000e-04,-1.286432e-02,-3.497487e-03
8.281250000e-04,-1.728643e-02,-3.497487e-03
8.287500000e-04,1.567839e-02,-3.497487e-03
8.293750000e-04,1.005025e-02,-3.497487e-03
8.300000000e-04,-1.728643e-02,-3.497487e-03
8.306250000e-04,-1.246231e-02,-3.497487e-03
8.312500000e-04,1.768844e-02,-3.497487e-03
8.318750000e-04,5.628140e-03,-3.497487e-03
8.325000000e-04,-1.929648e-02,-3.497487e-03
8.331250000e-04,-7.236180e-03,-3.497487e-03
8.337500000e-04,1.969849e-02,-3.497487e-03
8.343750000e-04,4.020100e-04,-3.497487e-03
8.350000000e-04,-2.130653e-02,-3.497487e-03
8.356250000e-04,-4.020100e-04,-3.497487e-03
8.362500000e-04,1.929648e-02,-3.497487e-03
8.368750000e-04,-3.618090e-03,-3.497487e-03
8.375000000e-04,-2.130653e-02,-3.497487e-03
8.381250000e-04,5.628140e-03,-3.497487e-03
8.387500000e-04,1.608040e-02,-3.497487e-03
8.393750000e-04,-8.442210e-03,-3.497487e-03
8.400000000e-04,-1.969849e-02,-3.497487e-03
8.406250000e-04,1.085427e-02,-3.497487e-03
8.412500000e-04,1.326633e-02,-3.497487e-03
8.418750000e-04,-1.366834e-02,-3.497487e-03
8.425000000e-04,-1.608040e-02,-3.497487e-03
8.431250000e-04,1.567839e-02,-3.497487e-03
8.437500000e-04,9.246230e-03,-3.497487e-03
8.443750000e-04,-1.688442e-02,-3.497487e-03
8.450000000e-04,-1.206030e-02,-3.497487e-03
8.456250000e-04,1.809045e-02,-3.497487e-03
8.462500000e-04,4.824120e-03,-3.497487e-03
8.468750000e-04,-1.889447e-02,-3.497487e-03
8.475000000e-04,-5.628140e-03,-3.497487e-03
8.481250000e-04,1.849246e-02,-3.497487e-03
8.487500000e-04,0.000000e+00,-3.497487e-03
8.493750000e-04,-2.130653e-02,-3.497487e-03
8.500000000e-04,8.040200e-04,-3.497487e-03
8.506250000e-04,1.809045e-02,-3.497487e-03
8.512500000e-04,-4.824120e-03,-3.497487e-03
8.518750000e-04,-2.130653e-02,-3.497487e-03
8.525000000e-04,6.834170e-03,-3.497487e-03
8.531250000e-04,1.608040e-02,-3.497487e-03
8.537500000e-04,-1.005025e-02,-3.497487e-03
8.543750000e-04,-1.929648e-02,-3.497487e-03
8.550000000e-04,1.206030e-02,-3.497487e-03
8.556250000e-04,1.206030e-02,-3.497487e-03
8.562500000e-04,-1.366834e-02,-3.497487e-03
8.568750000e-04,-1.567839e-02,-3.497487e-03
8.575000000e-04,1.608040e-02,-3.497487e-03
8.581250000e-04,8.442210e-03,-3.497487e-03
8.587500000e-04,-1.728643e-02,-3.497487e-03
8.593750000e-04,-1.045226e-02,-3.497487e-03
8.600000000e-04,1.768844e-02,-3.497487e-03
8.606250000e-04,4.020100e-03,-3.497487e-03
8.612500000e-04,-1.969849e-02,-3.497487e-03
8.618750000e-04,-4.422110e-03,-3.497487e-03
8.625000000e-04,1.889447e-02,-3.497487e-03
8.631250000e-04,-1.206030e-03,-3.497487e-03
8.637500000e-04,-2.090452e-02,-3.497487e-03
8.643750000e-04,1.206030e-03,-3.497487e-03
8.650000000e-04,1.728643e-02,-3.497487e-03
8.656250000e-04,-5.226130e-03,-3.497487e-03
8.662500000e-04,-2.090452e-02,-3.497487e-03
8.668750000e-04,6.834170e-03,-3.497487e-03
8.675000000e-04,1.447236e-02,-3.497487e-03
8.681250000e-04,-8.844220e-03,-3.497487e-03
8.687500000e-04,-1.809045e-02,-3.497487e-03
8.693750000e-04,1.206030e-02,-3.497487e-03
8.700000000e-04,1.246231e-02,-3.497487e-03
8.706250000e-04,-1.447236e-02,-3.497487e-03
8.712500000e-04,-1.407035e-02,-3.497487e-03
8.718750000e-04,1.608040e-02,-3.497487e-03
8.725000000e-04,8.040200e-03,-3.497487e-03
8.731250000e-04,-1.809045e-02,-3.497487e-03
8.737500000e-04,-1.045226e-02,-3.497487e-03
8.743750000e-04,1.889447e-02,-3.497487e-03
8.750000000e-04,2.814070e-03,-3.497487e-03
8.756250000e-04,-1.889447e-02,-3.497487e-03
8.762500000e-04,-4.422110e-03,-3.497487e-03
8.768750000e-04,1.849246e-02,-3.497487e-03
8.775000000e-04,-1.608040e-03,-3.497487e-03
8.781250000e-04,-2.090452e-02,-3.497487e-03
8.787500000e-04,2.010050e-03,-3.497487e-03
8.793750000e-04,1.768844e-02,-3.497487e-03
8.800000000e-04,-6.030150e-03,-3.497487e-03
8.806250000e-04,-2.090452e-02,-3.497487e-03
8.812500000e-04,7.638190e-03,-3.497487e-03
8.818750000e-04,1.527638e-02,-3.497487e-03
8.825000000e-04,-1.045226e-02,-3.497487e-03
8.831250000e-04,-1.768844e-02,-3.497487e-03
8.837500000e-04,1.286432e-02,-3.497487e-03
8.843750000e-04,1.085427e-02,-3.497487e-03
8.850000000e-04,-1.407035e-02,-3.497487e-03
8.856250000e-04,-1.487437e-02,-3.497487e-03
8.862500000e-04,1.648241e-02,-3.497487e-03
8.868750000e-04,7.236180e-03,-3.497487e-03
8.875000000e-04,-1.768844e-02,-3.497487e-03
8.881250000e-04,-9.246230e-03,-3.497487e-03
8.887500000e-04,1.849246e-02,-3.497487e-03
8.893750000e-04,3.216080e-03,-3.497487e-03
8.900000000e-04,-2.050251e-02,-3.497487e-03
8.906250000e-04,-3.618090e-03,-3.497487e-03
8.912500000e-04,1.889447e-02,-3.497487e-03
8.918750000e-04,-2.010050e-03,-3.497487e-03
8.925000000e-04,-2.090452e-02,-3.497487e-03
8.931250000e-04,2.814070e-03,-3.497487e-03
8.937500000e-04,1.809045e-02,-3.497487e-03
8.943750000e-04,-6.834170e-03,-3.497487e-03
8.950000000e-04,-2.050251e-02,-3.497487e-03
8.956250000e-04,8.844220e-03,-3.497487e-03
8.962500000e-04,1.447236e-02,-3.497487e-03
8.968750000e-04,-1.045226e-02,-3.497487e-03
8.975000000e-04,-1.809045e-02,-3.497487e-03
8.981250000e-04,1.326633e-02,-3.497487e-03
8.987500000e-04,1.085427e-02,-3.497487e-03
8.993750000e-04,-1.487437e-02,-3.497487e-03
9.000000000e-04,-1.366834e-02,-3.497487e-03
9.006250000e-04,1.608040e-02,-3.497487e-03
9.012500000e-04,7.638190e-03,-3.497487e-03
9.018750000e-04,-1.809045e-02,-3.497487e-03
9.025000000e-04,-8.844220e-03,-3.497487e-03
9.031250000e-04,1.849246e-02,-3.497487e-03
9.037500000e-04,2.010050e-03,-3.497487e-03
9.043750000e-04,-1.929648e-02,-3.497487e-03
9.050000000e-04,-2.814070e-03,-3.497487e-03
9.056250000e-04,1.849246e-02,-3.497487e-03
9.062500000e-04,-2.010050e-03,-3.497487e-03
9.068750000e-04,-2.170854e-02,-3.497487e-03
9.075000000e-04,3.618090e-03,-3.497487e-03
9.081250000e-04,1.608040e-02,-3.497487e-03
9.087500000e-04,-6.834170e-03,-3.497487e-03
9.093750000e-04,-1.969849e-02,-3.497487e-03
9.100000000e-04,9.246230e-03,-3.497487e-03
9.106250000e-04,1.407035e-02,-3.497487e-03
9.112500000e-04,-1.246231e-02,-3.497487e-03
9.118750000e-04,-1.648241e-02,-3.497487e-03
9.125000000e-04,1.326633e-02,-3.497487e-03
9.131250000e-04,1.005025e-02,-3.497487e-03
9.137500000e-04,-1.487437e-02,-3.497487e-03
9.143750000e-04,-1.286432e-02,-3.497487e-03
9.150000000e-04,1.688442e-02,-3.497487e-03
9.156250000e-04,5.628140e-03,-3.497487e-03
9.162500000e-04,-1.768844e-02,-3.497487e-03
9.168750000e-04,-8.040200e-03,-3.497487e-03
9.175000000e-04,1.768844e-02,-3.497487e-03
9.181250000e-04,1.206030e-03,-3.497487e-03
9.187500000e-04,-2.010050e-02,-3.497487e-03
9.193750000e-04,-8.040200e-04,-3.497487e-03
9.200000000e-04,1.728643e-02,-3.497487e-03
9.206250000e-04,-3.216080e-03,-3.497487e-03
9.212500000e-04,-2.050251e-02,-3.497487e-03
9.218750000e-04,3.216080e-03,-3.497487e-03
9.225000000e-04,1.648241e-02,-3.497487e-03
9.231250000e-04,-8.040200e-03,-3.497487e-03
9.237500000e-04,-1.929648e-02,-3.497487e-03
9.243750000e-04,9.648240e-03,-3.497487e-03
9.250000000e-04,1.366834e-02,-3.497487e-03
9.256250000e-04,-1.125628e-02,-3.497487e-03
9.262500000e-04,-1.648241e-02,-3.497487e-03
9.268750000e-04,1.447236e-02,-3.497487e-03
9.275000000e-04,1.005025e-02,-3.497487e-03
9.281250000e-04,-1.527638e-02,-3.497487e-03
9.287500000e-04,-1.206030e-02,-3.497487e-03
9.293750000e-04,1.608040e-02,-3.497487e-03
9.300000000e-04,6.432160e-03,-3.497487e-03
9.306250000e-04,-1.889447e-02,-3.497487e-03
9.312500000e-04,-7.638190e-03,-3.497487e-03
9.318750000e-04,1.889447e-02,-3.497487e-03
9.325000000e-04,4.020100e-04,-3.497487e-03
9.331250000e-04,-1.889447e-02,-3.497487e-03
9.337500000e-04,-4.020100e-04,-3.497487e-03
9.343750000e-04,1.809045e-02,-3.497487e-03
9.350000000e-04,-4.422110e-03,-3.497487e-03
9.356250000e-04,-2.050251e-02,-3.497487e-03
9.362500000e-04,5.226130e-03,-3.497487e-03
9.368750000e-04,1.487437e-02,-3.497487e-03
9.375000000e-04,-8.040200e-03,-3.497487e-03
9.381250000e-04,-1.929648e-02,-3.497487e-03
9.387500000e-04,1.085427e-02,-3.497487e-03
9.393750000e-04,1.326633e-02,-3.497487e-03
9.400000000e-04,-1.246231e-02,-3.497487e-03
9.406250000e-04,-1.487437e-02,-3.497487e-03
9.412500000e-04,1.447236e-02,-3.497487e-03
9.418750000e-04,8.844220e-03,-3.497487e-03
9.425000000e-04,-1.648241e-02,-3.497487e-03
9.431250000e-04,-1.206030e-02,-3.497487e-03
9.437500000e-04,1.768844e-02,-3.497487e-03
9.443750000e-04,4.422110e-03,-3.497487e-03
9.450000000e-04,-1.809045e-02,-3.497487e-03
9.456250000e-04,-6.432160e-03,-3.497487e-03
9.462500000e-04,1.849246e-02,-3.497487e-03
9.468750000e-04,0.000000e+00,-3.497487e-03
9.475000000e-04,-2.010050e-02,-3.497487e-03
9.481250000e-04,0.000000e+00,-3.497487e-03
9.487500000e-04,1.688442e-02,-3.497487e-03
9.493750000e-04,-4.422110e-03,-3.497487e-03
9.500000000e-04,-2.010050e-02,-3.497487e-03
9.506250000e-04,5.628140e-03,-3.497487e-03
9.512500000e-04,1.608040e-02,-3.497487e-03
9.518750000e-04,-9.246230e-03,-3.497487e-03
9.525000000e-04,-1.768844e-02,-3.497487e-03
9.531250000e-04,1.125628e-02,-3.497487e-03
9.537500000e-04,1.165829e-02,-3.497487e-03
9.543750000e-04,-1.286432e-02,-3.497487e-03
9.550000000e-04,-1.648241e-02,-3.497487e-03
9.556250000e-04,1.527638e-02,-3.497487e-03
9.562500000e-04,6.834170e-03,-3.497487e-03
9.568750000e-04,-1.608040e-02,-3.497487e-03
9.575000000e-04,-1.085427e-02,-3.497487e-03
9.581250000e-04,1.688442e-02,-3.497487e-03
9.587500000e-04,4.020100e-03,-3.497487e-03
9.593750000e-04,-1.929648e-02,-3.497487e-03
9.600000000e-04,-4.422110e-03,-3.497487e-03
9.606250000e-04,1.809045e-02,-3.497487e-03
9.612500000e-04,-4.020100e-04,-3.497487e-03
9.618750000e-04,-1.969849e-02,-3.497487e-03
9.625000000e-04,0.000000e+00,-3.497487e-03
9.631250000e-04,1.768844e-02,-3.497487e-03
9.637500000e-04,-4.824120e-03,-3.497487e-03
9.643750000e-04,-1.969849e-02,-3.497487e-03
9.650000000e-04,6.834170e-03,-3.497487e-03
9.656250000e-04,1.447236e-02,-3.497487e-03
9.662500000e-04,-8.442210e-03,-3.497487e-03
9.668750000e-04,-1.849246e-02,-3.497487e-03
9.675000000e-04,1.206030e-02,-3.497487e-03
9.681250000e-04,1.165829e-02,-3.497487e-03
9.687500000e-04,-1.366834e-02,-3.497487e-03
9.693750000e-04,-1.407035e-02,-3.497487e-03
9.700000000e-04,1.447236e-02,-3.497487e-03
9.706250000e-04,7.236180e-03,-3.497487e-03
9.712500000e-04,-1.608040e-02,-3.497487e-03
9.718750000e-04,-8.844220e-03,-3.497487e-03
9.725000000e-04,1.728643e-02,-3.497487e-03
9.731250000e-04,2.814070e-03,-3.497487e-03
9.737500000e-04,-1.849246e-02,-3.497487e-03
9.743750000e-04,-5.226130e-03,-3.497487e-03
9.750000000e-04,1.768844e-02,-3.497487e-03
9.756250000e-04,-8.040200e-04,-3.497487e-03
9.762500000e-04,-1.969849e-02,-3.497487e-03
9.768750000e-04,1.608040e-03,-3.497487e-03
9.775000000e-04,1.648241e-02,-3.497487e-03
9.781250000e-04,-4.824120e-03,-3.497487e-03
9.787500000e-04,-1.969849e-02,-3.497487e-03
9.793750000e-04,7.236180e-03,-3.497487e-03
9.800000000e-04,1.447236e-02,-3.497487e-03
9.806250000e-04,-1.005025e-02,-3.497487e-03
9.812500000e-04,-1.809045e-02,-3.497487e-03
9.818750000e-04,1.125628e-02,-3.497487e-03
9.825000000e-04,1.165829e-02,-3.497487e-03
9.831250000e-04,-1.366834e-02,-3.497487e-03
9.837500000e-04,-1.407035e-02,-3.497487e-03
9.843750000e-04,1.567839e-02,-3.497487e-03
9.850000000e-04,6.432160e-03,-3.497487e-03
9.856250000e-04,-1.648241e-02,-3.497487e-03
9.862500000e-04,-9.246230e-03,-3.497487e-03
9.868750000e-04,1.809045e-02,-3.497487e-03
9.875000000e-04,3.216080e-03,-3.497487e-03
9.881250000e-04,-1.969849e-02,-3.497487e-03
9.887500000e-04,-3.216080e-03,-3.497487e-03
9.893750000e-04,1.688442e-02,-3.497487e-03
9.900000000e-04,-1.608040e-03,-3.497487e-03
9.906250000e-04,-1.929648e-02,-3.497487e-03
9.912500000e-04,2.412060e-03,-3.497487e-03
9.918750000e-04,1.608040e-02,-3.497487e-03
9.925000000e-04,-6.432160e-03,-3.497487e-03
9.931250000e-04,-1.889447e-02,-3.497487e-03
9.937500000e-04,7.236180e-03,-3.497487e-03
9.943750000e-04,1.366834e-02,-3.497487e-03
9.950000000e-04,-1.045226e-02,-3.497487e-03
9.956250000e-04,-1.809045e-02,-3.497487e-03
9.962500000e-04,1.206030e-02,-3.497487e-03
9.968750000e-04,1.085427e-02,-3.497487e-03
9.975000000e-04,-1.326633e-02,-3.497487e-03
9.981250000e-04,-1.366834e-02,-3.497487e-03
9.987500000e-04,1.527638e-02,-3.497487e-03
9.993750000e-04,7.236180e-03,-3.497487e-03
1.000000000e-03,-1.728643e-02,-3.497487e-03
1.000625000e-03,-8.442210e-03,-3.497487e-03
1.001250000e-03,1.768844e-02,-3.497487e-03
1.001875000e-03,1.608040e-03,-3.497487e-03
1.002500000e-03,-1.929648e-02,-3.497487e-03
1.003125000e-03,-3.216080e-03,-3.497487e-03
1.003750000e-03,1.809045e-02,-3.497487e-03
1.004375000e-03,-2.412060e-03,-3.497487e-03
1.005000000e-03,-2.010050e-02,-3.497487e-03
1.005625000e-03,3.216080e-03,-3.497487e-03
1.006250000e-03,1.567839e-02,-3.497487e-03
1.006875000e-03,-6.432160e-03,-3.497487e-03
1.007500000e-03,-1.929648e-02,-3.497487e-03
1.008125000e-03,9.246230e-03,-3.497487e-03
1.008750000e-03,1.366834e-02,-3.497487e-03
1.009375000e-03,-1.085427e-02,-3.497487e-03
1.010000000e-03,-1.648241e-02,-3.497487e-03
1.010625000e-03,1.366834e-02,-3.497487e-03
1.011250000e-03,1.005025e-02,-3.497487e-03
1.011875000e-03,-1.527638e-02,-3.497487e-03
1.012500000e-03,-1.246231e-02,-3.497487e-03
1.013125000e-03,1.608040e-02,-3.497487e-03
1.013750000e-03,5.226130e-03,-3.497487e-03
1.014375000e-03,-1.648241e-02,-3.497487e-03
1.015000000e-03,-7.236180e-03,-3.497487e-03
1.015625000e-03,1.768844e-02,-3.497487e-03
1.016250000e-03,1.608040e-03,-3.497487e-03
1.016875000e-03,-2.010050e-02,-3.497487e-03
1.017500000e-03,-1.608040e-03,-3.497487e-03
1.018125000e-03,1.728643e-02,-3.497487e-03
1.018750000e-03,-2.412060e-03,-3.497487e-03
1.019375000e-03,-2.050251e-02,-3.497487e-03
1.020000000e-03,4.020100e-03,-3.497487e-03
1.020625000e-03,1.567839e-02,-3.497487e-03
1.021250000e-03,-7.236180e-03,-3.497487e-03
1.021875000e-03,-1.849246e-02,-3.497487e-03
1.022500000e-03,9.246230e-03,-3.497487e-03
1.023125000e-03,1.326633e-02,-3.497487e-03
1.023750000e-03,-1.125628e-02,-3.497487e-03
1.024375000e-03,-1.608040e-02,-3.497487e-03
1.025000000e-03,1.407035e-02,-3.497487e-03
1.025625000e-03,8.442210e-03,-3.497487e-03
1.026250000e-03,-1.487437e-02,-3.497487e-03
1.026875000e-03,-1.165829e-02,-3.497487e-03
1.027500000e-03,1.567839e-02,-3.497487e-03
1.028125000e-03,5.226130e-03,-3.497487e-03
1.028750000e-03,-1.768844e-02,-3.497487e-03
1.029375000e-03,-6.030150e-03,-3.497487e-03
1.030000000e-03,1.688442e-02,-3.497487e-03
1.030625000e-03,1.206030e-03,-3.497487e-03
1.031250000e-03,-1.969849e-02,-3.497487e-03
1.031875000e-03,-8.040200e-04,-3.497487e-03
1.032500000e-03,1.688442e-02,-3.497487e-03
1.033125000e-03,-3.618090e-03,-3.497487e-03
1.033750000e-03,-1.929648e-02,-3.497487e-03
1.034375000e-03,4.422110e-03,-3.497487e-03
1.035000000e-03,1.447236e-02,-3.497487e-03
1.035625000e-03,-7.638190e-03,-3.497487e-03
1.036250000e-03,-1.849246e-02,-3.497487e-03
1.036875000e-03,9.648240e-03,-3.497487e-03
1.037500000e-03,1.206030e-02,-3.497487e-03
1.038125000e-03,-1.206030e-02,-3.497487e-03
1.038750000e-03,-1.527638e-02,-3.497487e-03
1.039375000e-03,1.366834e-02,-3.497487e-03
1.040000000e-03,9.246230e-03,-3.497487e-03
1.040625000e-03,-1.527638e-02,-3.497487e-03
1.041250000e-03,-1.125628e-02,-3.497487e-03
1.041875000e-03,1.608040e-02,-3.497487e-03
1.042500000e-03,4.422110e-03,-3.497487e-03
1.043125000e-03,-1.728643e-02,-3.497487e-03
1.043750000e-03,-6.030150e-03,-3.497487e-03
1.044375000e-03,1.688442e-02,-3.497487e-03
1.045000000e-03,0.000000e+00,-3.497487e-03
1.045625000e-03,-1.929648e-02,-3.497487e-03
1.046250000e-03,0.000000e+00,-3.497487e-03
1.046875000e-03,1.648241e-02,-3.497487e-03
1.047500000e-03,-3.618090e-03,-3.497487e-03
1.048125000e-03,-2.010050e-02,-3.497487e-03
1.048750000e-03,5.226130e-03,-3.497487e-03
1.049375000e-03,1.407035e-02,-3.497487e-03
1.050000000e-03,-8.040200e-03,-3.497487e-03
1.050625000e-03,-1.728643e-02,-3.497487e-03
1.051250000e-03,1.005025e-02,-3.497487e-03
1.051875000e-03,1.206030e-02,-3.497487e-03
1.052500000e-03,-1.246231e-02,-3.497487e-03
1.053125000e-03,-1.407035e-02,-3.497487e-03
1.053750000e-03,1.407035e-02,-3.497487e-03
1.054375000e-03,8.040200e-03,-3.497487e-03
1.055000000e-03,-1.527638e-02,-3.497487e-03
1.055625000e-03,-1.085427e-02,-3.497487e-03
1.056250000e-03,1.648241e-02,-3.497487e-03
1.056875000e-03,4.020100e-03,-3.497487e-03
1.057500000e-03,-1.809045e-02,-3.497487e-03
1.058125000e-03,-5.226130e-03,-3.497487e-03
1.058750000e-03,1.648241e-02,-3.497487e-03
1.059375000e-03,0.000000e+00,-3.497487e-03
1.060000000e-03,-1.929648e-02,-3.497487e-03
1.060625000e-03,4.020100e-04,-3.497487e-03
1.061250000e-03,1.648241e-02,-3.497487e-03
1.061875000e-03,-4.824120e-03,-3.497487e-03
1.062500000e-03,-1.929648e-02,-3.497487e-03
1.063125000e-03,5.226130e-03,-3.497487e-03
1.063750000e-03,1.407035e-02,-3.497487e-03
1.064375000e-03,-8.442210e-03,-3.497487e-03
1.065000000e-03,-1.728643e-02,-3.497487e-03
1.065625000e-03,1.085427e-02,-3.497487e-03
1.066250000e-03,1.125628e-02,-3.497487e-03
1.066875000e-03,-1.246231e-02,-3.497487e-03
1.067500000e-03,-1.447236e-02,-3.497487e-03
1.068125000e-03,1.447236e-02,-3.497487e-03
1.068750000e-03,7.638190e-03,-3.497487e-03
1.069375000e-03,-1.648241e-02,-3.497487e-03
1.070000000e-03,-9.246230e-03,-3.497487e-03
1.070625000e-03,1.608040e-02,-3.497487e-03
1.071250000e-03,3.216080e-03,-3.497487e-03
1.071875000e-03,-1.809045e-02,-3.497487e-03
1.072500000e-03,-4.824120e-03,-3.497487e-03
1.073125000e-03,1.728643e-02,-3.497487e-03
1.073750000e-03,-1.206030e-03,-3.497487e-03
1.074375000e-03,-1.929648e-02,-3.497487e-03
1.075000000e-03,1.206030e-03,-3.497487e-03
1.075625000e-03,1.648241e-02,-3.497487e-03
1.076250000e-03,-4.824120e-03,-3.497487e-03
1.076875000e-03,-2.050251e-02,-3.497487e-03
1.077500000e-03,6.432160e-03,-3.497487e-03
1.078125000e-03,1.447236e-02,-3.497487e-03
1.078750000e-03,-9.246230e-03,-3.497487e-03
1.079375000e-03,-1.728643e-02,-3.497487e-03
1.080000000e-03,1.045226e-02,-3.497487e-03
1.080625000e-03,1.085427e-02,-3.497487e-03
1.081250000e-03,-1.366834e-02,-3.497487e-03
1.081875000e-03,-1.326633e-02,-3.497487e-03
1.082500000e-03,1.447236e-02,-3.497487e-03
1.083125000e-03,7.236180e-03,-3.497487e-03
1.083750000e-03,-1.648241e-02,-3.497487e-03
1.084375000e-03,-1.005025e-02,-3.497487e-03
1.085000000e-03,1.688442e-02,-3.497487e-03
1.085625000e-03,2.814070e-03,-3.497487e-03
1.086250000e-03,-1.809045e-02,-3.497487e-03
1.086875000e-03,-2.814070e-03,-3.497487e-03
1.087500000e-03,1.688442e-02,-3.497487e-03
1.088125000e-03,-1.206030e-03,-3.497487e-03
1.088750000e-03,-1.929648e-02,-3.497487e-03
1.089375000e-03,2.412060e-03,-3.497487e-03
1.090000000e-03,1.648241e-02,-3.497487e-03
1.090625000e-03,-5.628140e-03,-3.497487e-03
1.091250000e-03,-1.889447e-02,-3.497487e-03
1.091875000e-03,5.628140e-03,-3.497487e-03
1.092500000e-03,1.407035e-02,-3.497487e-03
1.093125000e-03,-9.648240e-03,-3.497487e-03
1.093750000e-03,-1.608040e-02,-3.497487e-03
1.094375000e-03,1.206030e-02,-3.497487e-03
1.095000000e-03,9.648240e-03,-3.497487e-03
1.095625000e-03,-1.366834e-02,-3.497487e-03
1.096250000e-03,-1.326633e-02,-3.497487e-03
1.096875000e-03,1.527638e-02,-3.497487e-03
1.097500000e-03,6.834170e-03,-3.497487e-03
1.098125000e-03,-1.648241e-02,-3.497487e-03
1.098750000e-03,-8.040200e-03,-3.497487e-03
1.099375000e-03,1.648241e-02,-3.497487e-03
1.100000000e-03,2.412060e-03,-3.497487e-03
1.100625000e-03,-1.849246e-02,-3.497487e-03
1.101250000e-03,-2.412060e-03,-3.497487e-03
1.101875000e-03,1.688442e-02,-3.497487e-03
1.102500000e-03,-2.814070e-03,-3.497487e-03
1.103125000e-03,-1.849246e-02,-3.497487e-03
1.103750000e-03,2.412060e-03,-3.497487e-03
1.104375000e-03,1.527638e-02,-3.497487e-03
1.105000000e-03,-6.432160e-03,-3.497487e-03
1.105625000e-03,-1.929648e-02,-3.497487e-03
1.106250000e-03,7.638190e-03,-3.497487e-03
1.106875000e-03,1.286432e-02,-3.497487e-03
1.107500000e-03,-1.045226e-02,-3.497487e-03
1.108125000e-03,-1.567839e-02,-3.497487e-03
1.108750000e-03,1.206030e-02,-3.497487e-03
1.109375000e-03,9.648240e-03,-3.497487e-03
1.110000000e-03,-1.447236e-02,-3.497487e-03
1.110625000e-03,-1.165829e-02,-3.497487e-03
1.111250000e-03,1.527638e-02,-3.497487e-03
1.111875000e-03,6.432160e-03,-3.497487e-03
1.112500000e-03,-1.728643e-02,-3.497487e-03
1.113125000e-03,-8.844220e-03,-3.497487e-03
1.113750000e-03,1.648241e-02,-3.497487e-03
1.114375000e-03,1.608040e-03,-3.497487e-03
1.115000000e-03,-1.849246e-02,-3.497487e-03
1.115625000e-03,-1.608040e-03,-3.497487e-03
1.116250000e-03,1.688442e-02,-3.497487e-03
1.116875000e-03,-2.412060e-03,-3.497487e-03
1.117500000e-03,-1.969849e-02,-3.497487e-03
1.118125000e-03,3.216080e-03,-3.497487e-03
1.118750000e-03,1.487437e-02,-3.497487e-03
1.119375000e-03,-7.236180e-03,-3.497487e-03
1.120000000e-03,-1.809045e-02,-3.497487e-03
1.120625000e-03,8.040200e-03,-3.497487e-03
1.121250000e-03,1.326633e-02,-3.497487e-03
1.121875000e-03,-1.125628e-02,-3.497487e-03
1.122500000e-03,-1.487437e-02,-3.497487e-03
1.123125000e-03,1.286432e-02,-3.497487e-03
1.123750000e-03,8.442210e-03,-3.497487e-03
1.124375000e-03,-1.447236e-02,-3.497487e-03
1.125000000e-03,-1.125628e-02,-3.497487e-03
1.125625000e-03,1.567839e-02,-3.497487e-03
1.126250000e-03,5.226130e-03,-3.497487e-03
1.126875000e-03,-1.688442e-02,-3.497487e-03
1.127500000e-03,-6.834170e-03,-3.497487e-03
1.128125000e-03,1.567839e-02,-3.497487e-03
1.128750000e-03,1.608040e-03,-3.497487e-03
1.129375000e-03,-1.809045e-02,-3.497487e-03
1.130000000e-03,-4.020100e-04,-3.497487e-03
1.130625000e-03,1.648241e-02,-3.497487e-03
1.131250000e-03,-4.422110e-03,-3.497487e-03
1.131875000e-03,-1.929648e-02,-3.497487e-03
1.132500000e-03,4.422110e-03,-3.497487e-03
1.133125000e-03,1.527638e-02,-3.497487e-03
1.133750000e-03,-8.040200e-03,-3.497487e-03
1.134375000e-03,-1.809045e-02,-3.497487e-03
1.135000000e-03,9.246230e-03,-3.497487e-03
1.135625000e-03,1.246231e-02,-3.497487e-03
1.136250000e-03,-1.045226e-02,-3.497487e-03
1.136875000e-03,-1.407035e-02,-3.497487e-03
1.137500000e-03,1.286432e-02,-3.497487e-03
1.138125000e-03,8.040200e-03,-3.497487e-03
1.138750000e-03,-1.527638e-02,-3.497487e-03
1.139375000e-03,-1.045226e-02,-3.497487e-03
1.140000000e-03,1.567839e-02,-3.497487e-03
1.140625000e-03,4.422110e-03,-3.497487e-03
1.141250000e-03,-1.688442e-02,-3.497487e-03
1.141875000e-03,-5.628140e-03,-3.497487e-03
1.142500000e-03,1.648241e-02,-3.497487e-03
1.143125000e-03,0.000000e+00,-3.497487e-03
1.143750000e-03,-1.728643e-02,-3.497487e-03
1.144375000e-03,-8.040200e-04,-3.497487e-03
1.145000000e-03,1.527638e-02,-3.497487e-03
1.145625000e-03,-3.618090e-03,-3.497487e-03
1.146250000e-03,-1.849246e-02,-3.497487e-03
1.146875000e-03,5.628140e-03,-3.497487e-03
1.147500000e-03,1.447236e-02,-3.497487e-03
1.148125000e-03,-7.638190e-03,-3.497487e-03
1.148750000e-03,-1.728643e-02,-3.497487e-03
1.149375000e-03,9.246230e-03,-3.497487e-03
1.150000000e-03,1.206030e-02,-3.497487e-03
1.150625000e-03,-1.286432e-02,-3.497487e-03
1.151250000e-03,-1.447236e-02,-3.497487e-03
1.151875000e-03,1.286432e-02,-3.497487e-03
1.152500000e-03,8.040200e-03,-3.497487e-03
1.153125000e-03,-1.527638e-02,-3.497487e-03
1.153750000e-03,-1.005025e-02,-3.497487e-03
1.154375000e-03,1.688442e-02,-3.497487e-03
1.155000000e-03,2.814070e-03,-3.497487e-03
1.155625000e-03,-1.728643e-02,-3.497487e-03
1.156250000e-03,-4.824120e-03,-3.497487e-03
1.156875000e-03,1.608040e-02,-3.497487e-03
1.157500000e-03,0.000000e+00,-3.497487e-03
1.158125000e-03,-1.889447e-02,-3.497487e-03
1.158750000e-03,4.020100e-04,-3.497487e-03
1.159375000e-03,1.567839e-02,-3.497487e-03
1.160000000e-03,-4.422110e-03,-3.497487e-03
1.160625000e-03,-1.849246e-02,-3.497487e-03
1.161250000e-03,5.226130e-03,-3.497487e-03
1.161875000e-03,1.447236e-02,-3.497487e-03
1.162500000e-03,-9.246230e-03,-3.497487e-03
1.163125000e-03,-1.688442e-02,-3.497487e-03
1.163750000e-03,1.045226e-02,-3.497487e-03
1.164375000e-03,1.045226e-02,-3.497487e-03
1.165000000e-03,-1.165829e-02,-3.497487e-03
1.165625000e-03,-1.447236e-02,-3.497487e-03
1.166250000e-03,1.366834e-02,-3.497487e-03
1.166875000e-03,6.834170e-03,-3.497487e-03
1.167500000e-03,-1.487437e-02,-3.497487e-03
1.168125000e-03,-8.844220e-03,-3.497487e-03
1.168750000e-03,1.527638e-02,-3.497487e-03
1.169375000e-03,3.618090e-03,-3.497487e-03
1.170000000e-03,-1.768844e-02,-3.497487e-03
1.170625000e-03,-4.422110e-03,-3.497487e-03
1.171250000e-03,1.648241e-02,-3.497487e-03
1.171875000e-03,-8.040200e-04,-3.497487e-03
1.172500000e-03,-1.849246e-02,-3.497487e-03
1.173125000e-03,8.040200e-04,-3.497487e-03
1.173750000e-03,1.608040e-02,-3.497487e-03
1.174375000e-03,-5.628140e-03,-3.497487e-03
1.175000000e-03,-1.889447e-02,-3.497487e-03
1.175625000e-03,6.834170e-03,-3.497487e-03
1.176250000e-03,1.326633e-02,-3.497487e-03
1.176875000e-03,-8.844220e-03,-3.497487e-03
1.177500000e-03,-1.608040e-02,-3.497487e-03
1.178125000e-03,1.125628e-02,-3.497487e-03
1.178750000e-03,1.045226e-02,-3.497487e-03
1.179375000e-03,-1.246231e-02,-3.497487e-03
1.180000000e-03,-1.286432e-02,-3.497487e-03
1.180625000e-03,1.326633e-02,-3.497487e-03
1.181250000e-03,6.432160e-03,-3.497487e-03
1.181875000e-03,-1.527638e-02,-3.497487e-03
1.182500000e-03,-8.040200e-03,-3.497487e-03
1.183125000e-03,1.648241e-02,-3.497487e-03
1.183750000e-03,2.010050e-03,-3.497487e-03
1.184375000e-03,-1.768844e-02,-3.497487e-03
1.185000000e-03,-3.618090e-03,-3.497487e-03
1.185625000e-03,1.567839e-02,-3.497487e-03
1.186250000e-03,-1.206030e-03,-3.497487e-03
1.186875000e-03,-1.809045e-02,-3.497487e-03
1.187500000e-03,2.010050e-03,-3.497487e-03
1.188125000e-03,1.447236e-02,-3.497487e-03
1.188750000e-03,-6.030150e-03,-3.497487e-03
1.189375000e-03,-1.768844e-02,-3.497487e-03
1.190000000e-03,7.638190e-03,-3.497487e-03
1.190625000e-03,1.326633e-02,-3.497487e-03
1.191250000e-03,-1.085427e-02,-3.497487e-03
1.191875000e-03,-1.567839e-02,-3.497487e-03
1.192500000e-03,1.085427e-02,-3.497487e-03
1.193125000e-03,9.246230e-03,-3.497487e-03
1.193750000e-03,-1.286432e-02,-3.497487e-03
1.194375000e-03,-1.326633e-02,-3.497487e-03
1.195000000e-03,1.407035e-02,-3.497487e-03
1.195625000e-03,6.030150e-03,-3.497487e-03
1.196250000e-03,-1.567839e-02,-3.497487e-03
1.196875000e-03,-7.236180e-03,-3.497487e-03
1.197500000e-03,1.567839e-02,-3.497487e-03
1.198125000e-03,2.010050e-03,-3.497487e-03
1.198750000e-03,-1.809045e-02,-3.497487e-03
1.199375000e-03,-2.412060e-03,-3.497487e-03
1.200000000e-03,1.608040e-02,-3.497487e-03
1.200625000e-03,-2.814070e-03,-3.497487e-03
1.201250000e-03,-1.768844e-02,-3.497487e-03
1.201875000e-03,2.010050e-03,-3.497487e-03
1.202500000e-03,1.487437e-02,-3.497487e-03
1.203125000e-03,-6.030150e-03,-3.497487e-03
1.203750000e-03,-1.768844e-02,-3.497487e-03
1.204375000e-03,6.834170e-03,-3.497487e-03
1.205000000e-03,1.165829e-02,-3.497487e-03
1.205625000e-03,-9.246230e-03,-3.497487e-03
1.206250000e-03,-1.608040e-02,-3.497487e-03
1.206875000e-03,1.085427e-02,-3.497487e-03
1.207500000e-03,9.246230e-03,-3.497487e-03
1.208125000e-03,-1.326633e-02,-3.497487e-03
1.208750000e-03,-1.165829e-02,-3.497487e-03
1.209375000e-03,1.407035e-02,-3.497487e-03
1.210000000e-03,6.030150e-03,-3.497487e-03
1.210625000e-03,-1.608040e-02,-3.497487e-03
1.211250000e-03,-7.236180e-03,-3.497487e-03
1.211875000e-03,1.608040e-02,-3.497487e-03
1.212500000e-03,4.020100e-04,-3.497487e-03
1.213125000e-03,-1.768844e-02,-3.497487e-03
1.213750000e-03,-2.010050e-03,-3.497487e-03
1.214375000e-03,1.608040e-02,-3.497487e-03
1.215000000e-03,-2.010050e-03,-3.497487e-03
1.215625000e-03,-1.768844e-02,-3.497487e-03
1.216250000e-03,3.216080e-03,-3.497487e-03
1.216875000e-03,1.407035e-02,-3.497487e-03
1.217500000e-03,-6.432160e-03,-3.497487e-03
1.218125000e-03,-1.728643e-02,-3.497487e-03
1.218750000e-03,7.638190e-03,-3.497487e-03
1.219375000e-03,1.246231e-02,-3.497487e-03
1.220000000e-03,-1.085427e-02,-3.497487e-03
1.220625000e-03,-1.447236e-02,-3.497487e-03
1.221250000e-03,1.165829e-02,-3.497487e-03
1.221875000e-03,8.442210e-03,-3.497487e-03
1.222500000e-03,-1.326633e-02,-3.497487e-03
1.223125000e-03,-1.165829e-02,-3.497487e-03
1.223750000e-03,1.487437e-02,-3.497487e-03
1.224375000e-03,5.226130e-03,-3.497487e-03
1.225000000e-03,-1.527638e-02,-3.497487e-03
1.225625000e-03,-6.834170e-03,-3.497487e-03
1.226250000e-03,1.567839e-02,-3.497487e-03
1.226875000e-03,1.206030e-03,-3.497487e-03
1.227500000e-03,-1.889447e-02,-3.497487e-03
1.228125000e-03,-1.206030e-03,-3.497487e-03
1.228750000e-03,1.567839e-02,-3.497487e-03
1.229375000e-03,-2.814070e-03,-3.497487e-03
1.230000000e-03,-1.809045e-02,-3.497487e-03
1.230625000e-03,4.020100e-03,-3.497487e-03
1.231250000e-03,1.407035e-02,-3.497487e-03
1.231875000e-03,-8.040200e-03,-3.497487e-03
1.232500000e-03,-1.648241e-02,-3.497487e-03
1.233125000e-03,9.246230e-03,-3.497487e-03
1.233750000e-03,1.125628e-02,-3.497487e-03
1.234375000e-03,-1.085427e-02,-3.497487e-03
1.235000000e-03,-1.487437e-02,-3.497487e-03
1.235625000e-03,1.286432e-02,-3.497487e-03
1.236250000e-03,8.040200e-03,-3.497487e-03
1.236875000e-03,-1.447236e-02,-3.497487e-03
1.237500000e-03,-1.045226e-02,-3.497487e-03
1.238125000e-03,1.487437e-02,-3.497487e-03
1.238750000e-03,5.226130e-03,-3.497487e-03
1.239375000e-03,-1.768844e-02,-3.497487e-03
1.240000000e-03,-5.628140e-03,-3.497487e-03
1.240625000e-03,1.567839e-02,-3.497487e-03
1.241250000e-03,0.000000e+00,-3.497487e-03
1.241875000e-03,-1.849246e-02,-3.497487e-03
1.242500000e-03,-4.020100e-04,-3.497487e-03
1.243125000e-03,1.527638e-02,-3.497487e-03
1.243750000e-03,-3.618090e-03,-3.497487e-03
1.244375000e-03,-1.728643e-02,-3.497487e-03
1.245000000e-03,4.824120e-03,-3.497487e-03
1.245625000e-03,1.366834e-02,-3.497487e-03
1.246250000e-03,-6.834170e-03,-3.497487e-03
1.246875000e-03,-1.688442e-02,-3.497487e-03
1.247500000e-03,9.246230e-03,-3.497487e-03
1.248125000e-03,1.165829e-02,-3.497487e-03
1.248750000e-03,-1.206030e-02,-3.497487e-03
1.249375000e-03,-1.447236e-02,-3.497487e-03
1.250000000e-03,1.286432e-02,-3.497487e-03
1.250625000e-03,8.442210e-03,-3.497487e-03
1.251250000e-03,-1.527638e-02,-3.497487e-03
1.251875000e-03,-1.045226e-02,-3.497487e-03
1.252500000e-03,1.487437e-02,-3.497487e-03
1.253125000e-03,3.216080e-03,-3.497487e-03
1.253750000e-03,-1.567839e-02,-3.497487e-03
1.254375000e-03,-4.422110e-03,-3.497487e-03
1.255000000e-03,1.608040e-02,-3.497487e-03
1.255625000e-03,0.000000e+00,-3.497487e-03
1.256250000e-03,-1.849246e-02,-3.497487e-03
1.256875000e-03,4.020100e-04,-3.497487e-03
1.257500000e-03,1.487437e-02,-3.497487e-03
1.258125000e-03,-4.422110e-03,-3.497487e-03
1.258750000e-03,-1.768844e-02,-3.497487e-03
1.259375000e-03,4.824120e-03,-3.497487e-03
1.260000000e-03,1.326633e-02,-3.497487e-03
1.260625000e-03,-8.844220e-03,-3.497487e-03
1.261250000e-03,-1.567839e-02,-3.497487e-03
1.261875000e-03,1.005025e-02,-3.497487e-03
1.262500000e-03,1.045226e-02,-3.497487e-03
1.263125000e-03,-1.206030e-02,-3.497487e-03
1.263750000e-03,-1.326633e-02,-3.497487e-03
1.264375000e-03,1.366834e-02,-3.497487e-03
1.265000000e-03,6.030150e-03,-3.497487e-03
1.265625000e-03,-1.447236e-02,-3.497487e-03
1.266250000e-03,-8.442210e-03,-3.497487e-03
1.266875000e-03,1.487437e-02,-3.497487e-03
1.267500000e-03,2.814070e-03,-3.497487e-03
1.268125000e-03,-1.728643e-02,-3.497487e-03
1.268750000e-03,-3.618090e-03,-3.497487e-03
1.269375000e-03,1.527638e-02,-3.497487e-03
1.270000000e-03,-1.206030e-03,-3.497487e-03
1.270625000e-03,-1.768844e-02,-3.497487e-03
1.271250000e-03,1.206030e-03,-3.497487e-03
1.271875000e-03,1.527638e-02,-3.497487e-03
1.272500000e-03,-6.432160e-03,-3.497487e-03
1.273125000e-03,-1.688442e-02,-3.497487e-03
1.273750000e-03,6.834170e-03,-3.497487e-03
1.274375000e-03,1.206030e-02,-3.497487e-03
1.275000000e-03,-8.442210e-03,-3.497487e-03
1.275625000e-03,-1.608040e-02,-3.497487e-03
1.276250000e-03,1.005025e-02,-3.497487e-03
1.276875000e-03,9.246230e-03,-3.497487e-03
1.277500000e-03,-1.206030e-02,-3.497487e-03
1.278125000e-03,-1.246231e-02,-3.497487e-03
1.278750000e-03,1.286432e-02,-3.497487e-03
1.279375000e-03,6.834170e-03,-3.497487e-03
1.280000000e-03,-1.527638e-02,-3.497487e-03
1.280625000e-03,-8.040200e-03,-3.497487e-03
1.281250000e-03,1.527638e-02,-3.497487e-03
1.281875000e-03,2.814070e-03,-3.497487e-03
1.282500000e-03,-1.648241e-02,-3.497487e-03
1.283125000e-03,-3.618090e-03,-3.497487e-03
1.283750000e-03,1.567839e-02,-3.497487e-03
1.284375000e-03,-1.206030e-03,-3.497487e-03
1.285000000e-03,-1.728643e-02,-3.497487e-03
1.285625000e-03,2.412060e-03,-3.497487e-03
1.286250000e-03,1.366834e-02,-3.497487e-03
1.286875000e-03,-5.226130e-03,-3.497487e-03
1.287500000e-03,-1.768844e-02,-3.497487e-03
1.288125000e-03,7.236180e-03,-3.497487e-03
1.288750000e-03,1.246231e-02,-3.497487e-03
1.289375000e-03,-1.005025e-02,-3.497487e-03
1.290000000e-03,-1.487437e-02,-3.497487e-03
1.290625000e-03,1.005025e-02,-3.497487e-03
1.291250000e-03,9.246230e-03,-3.497487e-03
1.291875000e-03,-1.246231e-02,-3.497487e-03
1.292500000e-03,-1.125628e-02,-3.497487e-03
1.293125000e-03,1.407035e-02,-3.497487e-03
1.293750000e-03,5.628140e-03,-3.497487e-03
1.294375000e-03,-1.487437e-02,-3.497487e-03
1.295000000e-03,-7.236180e-03,-3.497487e-03
1.295625000e-03,1.487437e-02,-3.497487e-03
1.296250000e-03,2.010050e-03,-3.497487e-03
1.296875000e-03,-1.728643e-02,-3.497487e-03
1.297500000e-03,-2.412060e-03,-3.497487e-03
1.298125000e-03,1.447236e-02,-3.497487e-03
1.298750000e-03,-2.010050e-03,-3.497487e-03
1.299375000e-03,-1.768844e-02,-3.497487e-03
1.300000000e-03,1.608040e-03,-3.497487e-03
1.300625000e-03,1.407035e-02,-3.497487e-03
1.301250000e-03,-6.432160e-03,-3.497487e-03
1.301875000e-03,-1.567839e-02,-3.497487e-03
1.302500000e-03,7.236180e-03,-3.497487e-03
1.303125000e-03,1.165829e-02,-3.497487e-03
1.303750000e-03,-9.648240e-03,-3.497487e-03
1.304375000e-03,-1.407035e-02,-3.497487e-03
1.305000000e-03,1.125628e-02,-3.497487e-03
1.305625000e-03,7.638190e-03,-3.497487e-03
1.306250000e-03,-1.286432e-02,-3.497487e-03
1.306875000e-03,-1.125628e-02,-3.497487e-03
1.307500000e-03,1.326633e-02,-3.497487e-03
1.308125000e-03,6.432160e-03,-3.497487e-03
1.308750000e-03,-1.608040e-02,-3.497487e-03
1.309375000e-03,-7.236180e-03,-3.497487e-03
1.310000000e-03,1.447236e-02,-3.497487e-03
1.310625000e-03,1.608040e-03,-3.497487e-03
1.311250000e-03,-1.648241e-02,-3.497487e-03
1.311875000e-03,-2.010050e-03,-3.497487e-03
1.312500000e-03,1.487437e-02,-3.497487e-03
1.313125000e-03,-3.216080e-03,-3.497487e-03
1.313750000e-03,-1.728643e-02,-3.497487e-03
1.314375000e-03,2.412060e-03,-3.497487e-03
1.315000000e-03,1.326633e-02,-3.497487e-03
1.315625000e-03,-6.432160e-03,-3.497487e-03
1.316250000e-03,-1.688442e-02,-3.497487e-03
1.316875000e-03,8.040200e-03,-3.497487e-03
1.317500000e-03,1.165829e-02,-3.497487e-03
1.318125000e-03,-1.045226e-02,-3.497487e-03
1.318750000e-03,-1.366834e-02,-3.497487e-03
1.319375000e-03,1.085427e-02,-3.497487e-03
1.320000000e-03,8.442210e-03,-3.497487e-03
1.320625000e-03,-1.366834e-02,-3.497487e-03
1.321250000e-03,-1.045226e-02,-3.497487e-03
1.321875000e-03,1.447236e-02,-3.497487e-03
1.322500000e-03,4.422110e-03,-3.497487e-03
1.323125000e-03,-1.567839e-02,-3.497487e-03
1.323750000e-03,-6.432160e-03,-3.497487e-03
1.324375000e-03,1.608040e-02,-3.497487e-03
1.325000000e-03,8.040200e-04,-3.497487e-03
1.325625000e-03,-1.728643e-02,-3.497487e-03
1.326250000e-03,0.000000e+00,-3.497487e-03
1.326875000e-03,1.407035e-02,-3.497487e-03
1.327500000e-03,-3.216080e-03,-3.497487e-03
1.328125000e-03,-1.688442e-02,-3.497487e-03
1.328750000e-03,4.422110e-03,-3.497487e-03
1.329375000e-03,1.326633e-02,-3.497487e-03
1.330000000e-03,-8.040200e-03,-3.497487e-03
1.330625000e-03,-1.648241e-02,-3.497487e-03
1.331250000e-03,8.040200e-03,-3.497487e-03
1.331875000e-03,1.085427e-02,-3.497487e-03
1.332500000e-03,-1.125628e-02,-3.497487e-03
1.333125000e-03,-1.326633e-02,-3.497487e-03
1.333750000e-03,1.206030e-02,-3.497487e-03
1.334375000e-03,6.432160e-03,-3.497487e-03
1.335000000e-03,-1.286432e-02,-3.497487e-03
1.335625000e-03,-1.005025e-02,-3.497487e-03
1.336250000e-03,1.407035e-02,-3.497487e-03
1.336875000e-03,4.422110e-03,-3.497487e-03
1.337500000e-03,-1.688442e-02,-3.497487e-03
1.338125000e-03,-4.824120e-03,-3.497487e-03
1.338750000e-03,1.487437e-02,-3.497487e-03
1.339375000e-03,4.020100e-04,-3.497487e-03
1.340000000e-03,-1.728643e-02,-3.497487e-03
1.340625000e-03,0.000000e+00,-3.497487e-03
1.341250000e-03,1.447236e-02,-3.497487e-03
1.341875000e-03,-4.422110e-03,-3.497487e-03
1.342500000e-03,-1.648241e-02,-3.497487e-03
1.343125000e-03,4.020100e-03,-3.497487e-03
1.343750000e-03,1.286432e-02,-3.497487e-03
1.344375000e-03,-7.638190e-03,-3.497487e-03
1.345000000e-03,-1.608040e-02,-3.497487e-03
1.345625000e-03,8.844220e-03,-3.497487e-03
1.346250000e-03,1.045226e-02,-3.497487e-03
1.346875000e-03,-1.005025e-02,-3.497487e-03
1.347500000e-03,-1.206030e-02,-3.497487e-03
1.348125000e-03,1.165829e-02,-3.497487e-03
1.348750000e-03,6.432160e-03,-3.497487e-03
1.349375000e-03,-1.447236e-02,-3.497487e-03
1.350000000e-03,-8.040200e-03,-3.497487e-03
1.350625000e-03,1.407035e-02,-3.497487e-03
1.351250000e-03,3.216080e-03,-3.497487e-03
1.351875000e-03,-1.608040e-02,-3.497487e-03
1.352500000e-03,-5.226130e-03,-3.497487e-03
1.353125000e-03,1.527638e-02,-3.497487e-03
1.353750000e-03,-4.020100e-04,-3.497487e-03
1.354375000e-03,-1.608040e-02,-3.497487e-03
1.355000000e-03,0.000000e+00,-3.497487e-03
1.355625000e-03,1.326633e-02,-3.497487e-03
1.356250000e-03,-4.422110e-03,-3.497487e-03
1.356875000e-03,-1.728643e-02,-3.497487e-03
1.357500000e-03,4.824120e-03,-3.497487e-03
1.358125000e-03,1.246231e-02,-3.497487e-03
1.358750000e-03,-8.442210e-03,-3.497487e-03
1.359375000e-03,-1.487437e-02,-3.497487e-03
1.360000000e-03,8.442210e-03,-3.497487e-03
1.360625000e-03,1.085427e-02,-3.497487e-03
1.361250000e-03,-1.125628e-02,-3.497487e-03
1.361875000e-03,-1.206030e-02,-3.497487e-03
1.362500000e-03,1.246231e-02,-3.497487e-03
1.363125000e-03,5.628140e-03,-3.497487e-03
1.363750000e-03,-1.447236e-02,-3.497487e-03
1.364375000e-03,-8.844220e-03,-3.497487e-03
1.365000000e-03,1.487437e-02,-3.497487e-03
1.365625000e-03,2.814070e-03,-3.497487e-03
1.366250000e-03,-1.648241e-02,-3.497487e-03
1.366875000e-03,-3.216080e-03,-3.497487e-03
1.367500000e-03,1.487437e-02,-3.497487e-03
1.368125000e-03,0.000000e+00,-3.497487e-03
1.368750000e-03,-1.688442e-02,-3.497487e-03
1.369375000e-03,0.000000e+00,-3.497487e-03
1.370000000e-03,1.326633e-02,-3.497487e-03
1.370625000e-03,-5.628140e-03,-3.497487e-03
1.371250000e-03,-1.567839e-02,-3.497487e-03
1.371875000e-03,4.422110e-03,-3.497487e-03
1.372500000e-03,1.246231e-02,-3.497487e-03
1.373125000e-03,-8.442210e-03,-3.497487e-03
1.373750000e-03,-1.447236e-02,-3.497487e-03
1.374375000e-03,1.045226e-02,-3.497487e-03
1.375000000e-03,9.648240e-03,-3.497487e-03
1.375625000e-03,-1.085427e-02,-3.497487e-03
1.376250000e-03,-1.246231e-02,-3.497487e-03
1.376875000e-03,1.165829e-02,-3.497487e-03
1.377500000e-03,6.432160e-03,-3.497487e-03
1.378125000e-03,-1.487437e-02,-3.497487e-03
1.378750000e-03,-7.638190e-03,-3.497487e-03
1.379375000e-03,1.407035e-02,-3.497487e-03
1.380000000e-03,2.010050e-03,-3.497487e-03
1.380625000e-03,-1.608040e-02,-3.497487e-03
1.381250000e-03,-3.618090e-03,-3.497487e-03
1.381875000e-03,1.527638e-02,-3.497487e-03
1.382500000e-03,-2.010050e-03,-3.497487e-03
1.383125000e-03,-1.688442e-02,-3.497487e-03
1.383750000e-03,8.040200e-04,-3.497487e-03
1.384375000e-03,1.326633e-02,-3.497487e-03
1.385000000e-03,-6.030150e-03,-3.497487e-03
1.385625000e-03,-1.648241e-02,-3.497487e-03
1.386250000e-03,6.834170e-03,-3.497487e-03
1.386875000e-03,1.165829e-02,-3.497487e-03
1.387500000e-03,-8.844220e-03,-3.497487e-03
1.388125000e-03,-1.407035e-02,-3.497487e-03
1.388750000e-03,9.648240e-03,-3.497487e-03
1.389375000e-03,9.648240e-03,-3.497487e-03
1.390000000e-03,-1.246231e-02,-3.497487e-03
1.390625000e-03,-1.085427e-02,-3.497487e-03
1.391250000e-03,1.206030e-02,-3.497487e-03
1.391875000e-03,4.824120e-03,-3.497487e-03
1.392500000e-03,-1.407035e-02,-3.497487e-03
1.393125000e-03,-7.638190e-03,-3.497487e-03
1.393750000e-03,1.487437e-02,-3.497487e-03
1.394375000e-03,1.608040e-03,-3.497487e-03
1.395000000e-03,-1.648241e-02,-3.497487e-03
1.395625000e-03,-2.814070e-03,-3.497487e-03
1.396250000e-03,1.407035e-02,-3.497487e-03
1.396875000e-03,-1.206030e-03,-3.497487e-03
1.397500000e-03,-1.728643e-02,-3.497487e-03
1.398125000e-03,2.412060e-03,-3.497487e-03
1.398750000e-03,1.366834e-02,-3.497487e-03
1.399375000e-03,-6.030150e-03,-3.497487e-03
1.400000000e-03,-1.527638e-02,-3.497487e-03
1.400625000e-03,6.432160e-03,-3.497487e-03
1.401250000e-03,1.206030e-02,-3.497487e-03
1.401875000e-03,-9.648240e-03,-3.497487e-03
1.402500000e-03,-1.487437e-02,-3.497487e-03
1.403125000e-03,1.045226e-02,-3.497487e-03
1.403750000e-03,8.040200e-03,-3.497487e-03
1.404375000e-03,-1.206030e-02,-3.497487e-03
1.405000000e-03,-1.125628e-02,-3.497487e-03
1.405625000e-03,1.286432e-02,-3.497487e-03
1.406250000e-03,4.422110e-03,-3.497487e-03
1.406875000e-03,-1.487437e-02,-3.497487e-03
1.407500000e-03,-5.226130e-03,-3.497487e-03
1.408125000e-03,1.366834e-02,-3.497487e-03
1.408750000e-03,1.206030e-03,-3.497487e-03
1.409375000e-03,-1.688442e-02,-3.497487e-03
1.410000000e-03,-2.412060e-03,-3.497487e-03
1.410625000e-03,1.487437e-02,-3.497487e-03
1.411250000e-03,-2.412060e-03,-3.497487e-03
1.411875000e-03,-1.567839e-02,-3.497487e-03
1.412500000e-03,2.412060e-03,-3.497487e-03
1.413125000e-03,1.326633e-02,-3.497487e-03
1.413750000e-03,-6.030150e-03,-3.497487e-03
1.414375000e-03,-1.608040e-02,-3.497487e-03
1.415000000e-03,7.638190e-03,-3.497487e-03
1.415625000e-03,1.045226e-02,-3.497487e-03
1.416250000e-03,-1.005025e-02,-3.497487e-03
1.416875000e-03,-1.366834e-02,-3.497487e-03
1.417500000e-03,1.045226e-02,-3.497487e-03
1.418125000e-03,8.442210e-03,-3.497487e-03
1.418750000e-03,-1.326633e-02,-3.497487e-03
1.419375000e-03,-1.085427e-02,-3.497487e-03
1.420000000e-03,1.246231e-02,-3.497487e-03
1.420625000e-03,3.618090e-03,-3.497487e-03
1.421250000e-03,-1.447236e-02,-3.497487e-03
1.421875000e-03,-6.030150e-03,-3.497487e-03
1.422500000e-03,1.447236e-02,-3.497487e-03
1.423125000e-03,0.000000e+00,-3.497487e-03
1.423750000e-03,-1.567839e-02,-3.497487e-03
1.424375000e-03,-2.010050e-03,-3.497487e-03
1.425000000e-03,1.366834e-02,-3.497487e-03
1.425625000e-03,-2.010050e-03,-3.497487e-03
1.426250000e-03,-1.688442e-02,-3.497487e-03
1.426875000e-03,3.618090e-03,-3.497487e-03
1.427500000e-03,1.326633e-02,-3.497487e-03
1.428125000e-03,-7.236180e-03,-3.497487e-03
1.428750000e-03,-1.527638e-02,-3.497487e-03
1.429375000e-03,8.040200e-03,-3.497487e-03
1.430000000e-03,1.085427e-02,-3.497487e-03
1.430625000e-03,-1.125628e-02,-3.497487e-03
1.431250000e-03,-1.326633e-02,-3.497487e-03
1.431875000e-03,1.125628e-02,-3.497487e-03
1.432500000e-03,7.236180e-03,-3.497487e-03
1.433125000e-03,-1.286432e-02,-3.497487e-03
1.433750000e-03,-1.005025e-02,-3.497487e-03
1.434375000e-03,1.286432e-02,-3.497487e-03
1.435000000e-03,4.020100e-03,-3.497487e-03
1.435625000e-03,-1.487437e-02,-3.497487e-03
1.436250000e-03,-5.226130e-03,-3.497487e-03
1.436875000e-03,1.407035e-02,-3.497487e-03
1.437500000e-03,4.020100e-04,-3.497487e-03
1.438125000e-03,-1.728643e-02,-3.497487e-03
1.438750000e-03,-8.040200e-04,-3.497487e-03
1.439375000e-03,1.407035e-02,-3.497487e-03
1.440000000e-03,-4.020100e-03,-3.497487e-03
1.440625000e-03,-1.567839e-02,-3.497487e-03
1.441250000e-03,3.618090e-03,-3.497487e-03
1.441875000e-03,1.165829e-02,-3.497487e-03
1.442500000e-03,-7.638190e-03,-3.497487e-03
1.443125000e-03,-1.487437e-02,-3.497487e-03
1.443750000e-03,9.246230e-03,-3.497487e-03
1.444375000e-03,8.844220e-03,-3.497487e-03
1.445000000e-03,-1.045226e-02,-3.497487e-03
1.445625000e-03,-1.286432e-02,-3.497487e-03
1.446250000e-03,1.206030e-02,-3.497487e-03
1.446875000e-03,8.040200e-03,-3.497487e-03
1.447500000e-03,-1.286432e-02,-3.497487e-03
1.448125000e-03,-8.442210e-03,-3.497487e-03
1.448750000e-03,1.286432e-02,-3.497487e-03
1.449375000e-03,3.618090e-03,-3.497487e-03
1.450000000e-03,-1.567839e-02,-3.497487e-03
1.450625000e-03,-4.422110e-03,-3.497487e-03
1.451250000e-03,1.447236e-02,-3.497487e-03
1.451875000e-03,-4.020100e-04,-3.497487e-03
1.452500000e-03,-1.648241e-02,-3.497487e-03
1.453125000e-03,-4.020100e-04,-3.497487e-03
1.453750000e-03,1.366834e-02,-3.497487e-03
1.454375000e-03,-3.618090e-03,-3.497487e-03
1.455000000e-03,-1.608040e-02,-3.497487e-03
1.455625000e-03,5.226130e-03,-3.497487e-03
1.456250000e-03,1.125628e-02,-3.497487e-03
1.456875000e-03,-7.638190e-03,-3.497487e-03
1.457500000e-03,-1.487437e-02,-3.497487e-03
1.458125000e-03,8.442210e-03,-3.497487e-03
1.458750000e-03,9.648240e-03,-3.497487e-03
1.459375000e-03,-1.165829e-02,-3.497487e-03
1.460000000e-03,-1.206030e-02,-3.497487e-03
1.460625000e-03,1.165829e-02,-3.497487e-03
1.461250000e-03,6.432160e-03,-3.497487e-03
1.461875000e-03,-1.286432e-02,-3.497487e-03
1.462500000e-03,-8.844220e-03,-3.497487e-03
1.463125000e-03,1.366834e-02,-3.497487e-03
1.463750000e-03,1.608040e-03,-3.497487e-03
1.464375000e-03,-1.487437e-02,-3.497487e-03
1.465000000e-03,-3.216080e-03,-3.497487e-03
1.465625000e-03,1.407035e-02,-3.497487e-03
1.466250000e-03,-4.020100e-04,-3.497487e-03
1.466875000e-03,-1.688442e-02,-3.497487e-03
1.467500000e-03,4.020100e-04,-3.497487e-03
1.468125000e-03,1.366834e-02,-3.497487e-03
1.468750000e-03,-3.618090e-03,-3.497487e-03
1.469375000e-03,-1.567839e-02,-3.497487e-03
1.470000000e-03,4.020100e-03,-3.497487e-03
1.470625000e-03,1.165829e-02,-3.497487e-03
1.471250000e-03,-8.442210e-03,-3.497487e-03
1.471875000e-03,-1.487437e-02,-3.497487e-03
1.472500000e-03,9.246230e-03,-3.497487e-03
1.473125000e-03,8.844220e-03,-3.497487e-03
1.473750000e-03,-1.125628e-02,-3.497487e-03
1.474375000e-03,-1.246231e-02,-3.497487e-03
1.475000000e-03,1.246231e-02,-3.497487e-03
1.475625000e-03,6.030150e-03,-3.497487e-03
1.476250000e-03,-1.326633e-02,-3.497487e-03
1.476875000e-03,-7.638190e-03,-3.497487e-03
1.477500000e-03,1.206030e-02,-3.497487e-03
1.478125000e-03,2.412060e-03,-3.497487e-03
1.478750000e-03,-1.608040e-02,-3.497487e-03
1.479375000e-03,-3.216080e-03,-3.497487e-03
1.480000000e-03,1.447236e-02,-3.497487e-03
1.480625000e-03,-1.608040e-03,-3.497487e-03
1.481250000e-03,-1.608040e-02,-3.497487e-03
1.481875000e-03,8.040200e-04,-3.497487e-03
1.482500000e-03,1.366834e-02,-3.497487e-03
1.483125000e-03,-4.422110e-03,-3.497487e-03
1.483750000e-03,-1.608040e-02,-3.497487e-03
1.484375000e-03,6.030150e-03,-3.497487e-03
1.485000000e-03,1.005025e-02,-3.497487e-03
1.485625000e-03,-8.040200e-03,-3.497487e-03
1.486250000e-03,-1.447236e-02,-3.497487e-03
1.486875000e-03,9.648240e-03,-3.497487e-03
1.487500000e-03,9.246230e-03,-3.497487e-03
1.488125000e-03,-1.246231e-02,-3.497487e-03
1.488750000e-03,-1.085427e-02,-3.497487e-03
1.489375000e-03,1.125628e-02,-3.497487e-03
1.490000000e-03,5.628140e-03,-3.497487e-03
1.490625000e-03,-1.407035e-02,-3.497487e-03
1.491250000e-03,-7.638190e-03,-3.497487e-03
1.491875000e-03,1.407035e-02,-3.497487e-03
1.492500000e-03,8.040200e-04,-3.497487e-03
1.493125000e-03,-1.527638e-02,-3.497487e-03
1.493750000e-03,-2.010050e-03,-3.497487e-03
1.494375000e-03,1.487437e-02,-3.497487e-03
1.495000000e-03,-1.206030e-03,-3.497487e-03
1.495625000e-03,-1.688442e-02,-3.497487e-03
1.496250000e-03,2.010050e-03,-3.497487e-03
1.496875000e-03,1.206030e-02,-3.497487e-03
1.497500000e-03,-4.824120e-03,-3.497487e-03
1.498125000e-03,-1.567839e-02,-3.497487e-03
1.498750000e-03,6.030150e-03,-3.497487e-03
1.499375000e-03,1.125628e-02,-3.497487e-03
1.500000000e-03,-8.442210e-03,-3.497487e-03
1.500625000e-03,-1.246231e-02,-3.497487e-03
1.501250000e-03,1.005025e-02,-3.497487e-03
1.501875000e-03,7.638190e-03,-3.497487e-03
1.502500000e-03,-1.165829e-02,-3.497487e-03
1.503125000e-03,-1.125628e-02,-3.497487e-03
1.503750000e-03,1.246231e-02,-3.497487e-03
1.504375000e-03,5.226130e-03,-3.497487e-03
1.505000000e-03,-1.366834e-02,-3.497487e-03
1.505625000e-03,-6.432160e-03,-3.497487e-03
1.506250000e-03,1.286432e-02,-3.497487e-03
1.506875000e-03,2.010050e-03,-3.497487e-03
1.507500000e-03,-1.567839e-02,-3.497487e-03
1.508125000e-03,-2.010050e-03,-3.497487e-03
1.508750000e-03,1.366834e-02,-3.497487e-03
1.509375000e-03,-2.010050e-03,-3.497487e-03
1.510000000e-03,-1.728643e-02,-3.497487e-03
1.510625000e-03,2.010050e-03,-3.497487e-03
1.511250000e-03,1.366834e-02,-3.497487e-03
1.511875000e-03,-6.030150e-03,-3.497487e-03
1.512500000e-03,-1.608040e-02,-3.497487e-03
1.513125000e-03,6.834170e-03,-3.497487e-03
1.513750000e-03,1.045226e-02,-3.497487e-03
1.514375000e-03,-9.246230e-03,-3.497487e-03
1.515000000e-03,-1.326633e-02,-3.497487e-03
1.515625000e-03,1.085427e-02,-3.497487e-03
1.516250000e-03,8.040200e-03,-3.497487e-03
1.516875000e-03,-1.286432e-02,-3.497487e-03
1.517500000e-03,-9.246230e-03,-3.497487e-03
1.518125000e-03,1.206030e-02,-3.497487e-03
1.518750000e-03,4.422110e-03,-3.497487e-03
1.519375000e-03,-1.487437e-02,-3.497487e-03
1.520000000e-03,-6.030150e-03,-3.497487e-03
1.520625000e-03,1.326633e-02,-3.497487e-03
1.521250000e-03,0.000000e+00,-3.497487e-03
1.521875000e-03,-1.527638e-02,-3.497487e-03
1.522500000e-03,-8.040200e-04,-3.497487e-03
1.523125000e-03,1.407035e-02,-3.497487e-03
1.523750000e-03,-2.814070e-03,-3.497487e-03
1.524375000e-03,-1.688442e-02,-3.497487e-03
1.525000000e-03,3.216080e-03,-3.497487e-03
1.525625000e-03,1.246231e-02,-3.497487e-03
1.526250000e-03,-6.030150e-03,-3.497487e-03
1.526875000e-03,-1.527638e-02,-3.497487e-03
1.527500000e-03,6.432160e-03,-3.497487e-03
1.528125000e-03,1.085427e-02,-3.497487e-03
1.528750000e-03,-1.005025e-02,-3.497487e-03
1.529375000e-03,-1.246231e-02,-3.497487e-03
1.530000000e-03,1.005025e-02,-3.497487e-03
1.530625000e-03,7.638190e-03,-3.497487e-03
1.531250000e-03,-1.326633e-02,-3.497487e-03
1.531875000e-03,-1.045226e-02,-3.497487e-03
1.532500000e-03,1.286432e-02,-3.497487e-03
1.533125000e-03,3.618090e-03,-3.497487e-03
1.533750000e-03,-1.447236e-02,-3.497487e-03
1.534375000e-03,-5.226130e-03,-3.497487e-03
1.535000000e-03,1.407035e-02,-3.497487e-03
1.535625000e-03,4.020100e-04,-3.497487e-03
1.536250000e-03,-1.567839e-02,-3.497487e-03
1.536875000e-03,0.000000e+00,-3.497487e-03
1.537500000e-03,1.366834e-02,-3.497487e-03
1.538125000e-03,-2.814070e-03,-3.497487e-03
1.538750000e-03,-1.648241e-02,-3.497487e-03
1.539375000e-03,2.412060e-03,-3.497487e-03
1.540000000e-03,1.286432e-02,-3.497487e-03
1.540625000e-03,-6.834170e-03,-3.497487e-03
1.541250000e-03,-1.447236e-02,-3.497487e-03
1.541875000e-03,7.638190e-03,-3.497487e-03
1.542500000e-03,9.648240e-03,-3.497487e-03
1.543125000e-03,-1.005025e-02,-3.497487e-03
1.543750000e-03,-1.246231e-02,-3.497487e-03
1.544375000e-03,1.125628e-02,-3.497487e-03
1.545000000e-03,6.030150e-03,-3.497487e-03
1.545625000e-03,-1.326633e-02,-3.497487e-03
1.546250000e-03,-8.442210e-03,-3.497487e-03
1.546875000e-03,1.286432e-02,-3.497487e-03
1.547500000e-03,3.618090e-03,-3.497487e-03
1.548125000e-03,-1.527638e-02,-3.497487e-03
1.548750000e-03,-4.020100e-03,-3.497487e-03
1.549375000e-03,1.366834e-02,-3.497487e-03
1.550000000e-03,-4.020100e-04,-3.497487e-03
1.550625000e-03,-1.527638e-02,-3.497487e-03
1.551250000e-03,0.000000e+00,-3.497487e-03
1.551875000e-03,1.366834e-02,-3.497487e-03
1.552500000e-03,-4.020100e-03,-3.497487e-03
1.553125000e-03,-1.567839e-02,-3.497487e-03
1.553750000e-03,4.422110e-03,-3.497487e-03
1.554375000e-03,1.085427e-02,-3.497487e-03
1.555000000e-03,-6.834170e-03,-3.497487e-03
1.555625000e-03,-1.407035e-02,-3.497487e-03
1.556250000e-03,8.040200e-03,-3.497487e-03
1.556875000e-03,9.246230e-03,-3.497487e-03
1.557500000e-03,-1.085427e-02,-3.497487e-03
1.558125000e-03,-1.125628e-02,-3.497487e-03
1.558750000e-03,1.045226e-02,-3.497487e-03
1.559375000e-03,6.432160e-03,-3.497487e-03
1.560000000e-03,-1.286432e-02,-3.497487e-03
1.560625000e-03,-8.040200e-03,-3.497487e-03
1.561250000e-03,1.286432e-02,-3.497487e-03
1.561875000e-03,2.814070e-03,-3.497487e-03
1.562500000e-03,-1.447236e-02,-3.497487e-03
1.563125000e-03,-4.824120e-03,-3.497487e-03
1.563750000e-03,1.286432e-02,-3.497487e-03
1.564375000e-03,-4.020100e-04,-3.497487e-03
1.565000000e-03,-1.608040e-02,-3.497487e-03
1.565625000e-03,4.020100e-04,-3.497487e-03
1.566250000e-03,1.286432e-02,-3.497487e-03
1.566875000e-03,-4.020100e-03,-3.497487e-03
1.567500000e-03,-1.608040e-02,-3.497487e-03
1.568125000e-03,4.422110e-03,-3.497487e-03
1.568750000e-03,1.206030e-02,-3.497487e-03
1.569375000e-03,-7.638190e-03,-3.497487e-03
1.570000000e-03,-1.366834e-02,-3.497487e-03
1.570625000e-03,8.442210e-03,-3.497487e-03
1.571250000e-03,8.844220e-03,-3.497487e-03
1.571875000e-03,-1.165829e-02,-3.497487e-03
1.572500000e-03,-1.125628e-02,-3.497487e-03
1.573125000e-03,1.165829e-02,-3.497487e-03
1.573750000e-03,5.226130e-03,-3.497487e-03
1.574375000e-03,-1.326633e-02,-3.497487e-03
1.575000000e-03,-7.236180e-03,-3.497487e-03
1.575625000e-03,1.206030e-02,-3.497487e-03
1.576250000e-03,2.412060e-03,-3.497487e-03
1.576875000e-03,-1.527638e-02,-3.497487e-03
1.577500000e-03,-2.412060e-03,-3.497487e-03
1.578125000e-03,1.326633e-02,-3.497487e-03
1.578750000e-03,-1.206030e-03,-3.497487e-03
1.579375000e-03,-1.527638e-02,-3.497487e-03
1.580000000e-03,4.020100e-04,-3.497487e-03
1.580625000e-03,1.366834e-02,-3.497487e-03
1.581250000e-03,-5.628140e-03,-3.497487e-03
1.581875000e-03,-1.487437e-02,-3.497487e-03
1.582500000e-03,4.824120e-03,-3.497487e-03
1.583125000e-03,1.085427e-02,-3.497487e-03
1.583750000e-03,-8.040200e-03,-3.497487e-03
1.584375000e-03,-1.407035e-02,-3.497487e-03
1.585000000e-03,9.246230e-03,-3.497487e-03
1.585625000e-03,8.442210e-03,-3.497487e-03
1.586250000e-03,-1.125628e-02,-3.497487e-03
1.586875000e-03,-1.045226e-02,-3.497487e-03
1.587500000e-03,1.125628e-02,-3.497487e-03
1.588125000e-03,5.628140e-03,-3.497487e-03
1.588750000e-03,-1.407035e-02,-3.497487e-03
1.589375000e-03,-6.834170e-03,-3.497487e-03
1.590000000e-03,1.286432e-02,-3.497487e-03
1.590625000e-03,1.608040e-03,-3.497487e-03
1.591250000e-03,-1.487437e-02,-3.497487e-03
1.591875000e-03,-2.814070e-03,-3.497487e-03
1.592500000e-03,1.407035e-02,-3.497487e-03
1.593125000e-03,-2.412060e-03,-3.497487e-03
1.593750000e-03,-1.567839e-02,-3.497487e-03
1.594375000e-03,1.608040e-03,-3.497487e-03
1.595000000e-03,1.246231e-02,-3.497487e-03
1.595625000e-03,-5.226130e-03,-3.497487e-03
1.596250000e-03,-1.527638e-02,-3.497487e-03
1.596875000e-03,4.824120e-03,-3.497487e-03
1.597500000e-03,1.045226e-02,-3.497487e-03
1.598125000e-03,-8.442210e-03,-3.497487e-03
1.598750000e-03,-1.206030e-02,-3.497487e-03
1.599375000e-03,9.246230e-03,-3.497487e-03
1.600000000e-03,8.442210e-03,-3.497487e-03
1.600625000e-03,-1.206030e-02,-3.497487e-03
1.601250000e-03,-1.045226e-02,-3.497487e-03
1.601875000e-03,1.165829e-02,-3.497487e-03
1.602500000e-03,4.824120e-03,-3.497487e-03
1.603125000e-03,-1.326633e-02,-3.497487e-03
1.603750000e-03,-6.834170e-03,-3.497487e-03
1.604375000e-03,1.286432e-02,-3.497487e-03
1.605000000e-03,1.206030e-03,-3.497487e-03
1.605625000e-03,-1.487437e-02,-3.497487e-03
1.606250000e-03,-8.040200e-04,-3.497487e-03
1.606875000e-03,1.286432e-02,-3.497487e-03
1.607500000e-03,-2.412060e-03,-3.497487e-03
1.608125000e-03,-1.567839e-02,-3.497487e-03
1.608750000e-03,2.010050e-03,-3.497487e-03
1.609375000e-03,1.246231e-02,-3.497487e-03
1.610000000e-03,-6.432160e-03,-3.497487e-03
1.610625000e-03,-1.447236e-02,-3.497487e-03
1.611250000e-03,5.628140e-03,-3.497487e-03
1.611875000e-03,1.005025e-02,-3.497487e-03
1.612500000e-03,-9.648240e-03,-3.497487e-03
1.613125000e-03,-1.286432e-02,-3.497487e-03
1.613750000e-03,1.045226e-02,-3.497487e-03
1.614375000e-03,6.834170e-03,-3.497487e-03
1.615000000e-03,-1.246231e-02,-3.497487e-03
1.615625000e-03,-9.246230e-03,-3.497487e-03
1.616250000e-03,1.165829e-02,-3.497487e-03
1.616875000e-03,4.422110e-03,-3.497487e-03
1.617500000e-03,-1.447236e-02,-3.497487e-03
1.618125000e-03,-5.226130e-03,-3.497487e-03
1.618750000e-03,1.246231e-02,-3.497487e-03
1.619375000e-03,8.040200e-04,-3.497487e-03
1.620000000e-03,-1.447236e-02,-3.497487e-03
1.620625000e-03,-1.608040e-03,-3.497487e-03
1.621250000e-03,1.326633e-02,-3.497487e-03
1.621875000e-03,-3.216080e-03,-3.497487e-03
1.622500000e-03,-1.608040e-02,-3.497487e-03
1.623125000e-03,2.412060e-03,-3.497487e-03
1.623750000e-03,1.165829e-02,-3.497487e-03
1.624375000e-03,-6.030150e-03,-3.497487e-03
1.625000000e-03,-1.527638e-02,-3.497487e-03
1.625625000e-03,7.236180e-03,-3.497487e-03
1.626250000e-03,9.648240e-03,-3.497487e-03
1.626875000e-03,-9.246230e-03,-3.497487e-03
1.627500000e-03,-1.085427e-02,-3.497487e-03
1.628125000e-03,1.005025e-02,-3.497487e-03
1.628750000e-03,6.030150e-03,-3.497487e-03
1.629375000e-03,-1.286432e-02,-3.497487e-03
1.630000000e-03,-8.040200e-03,-3.497487e-03
1.630625000e-03,1.246231e-02,-3.497487e-03
1.631250000e-03,3.618090e-03,-3.497487e-03
1.631875000e-03,-1.286432e-02,-3.497487e-03
1.632500000e-03,-5.226130e-03,-3.497487e-03
1.633125000e-03,1.246231e-02,-3.497487e-03
1.633750000e-03,0.000000e+00,-3.497487e-03
1.634375000e-03,-1.487437e-02,-3.497487e-03
1.635000000e-03,0.000000e+00,-3.497487e-03
1.635625000e-03,1.206030e-02,-3.497487e-03
1.636250000e-03,-3.618090e-03,-3.497487e-03
1.636875000e-03,-1.527638e-02,-3.497487e-03
1.637500000e-03,3.618090e-03,-3.497487e-03
1.638125000e-03,1.125628e-02,-3.497487e-03
1.638750000e-03,-6.834170e-03,-3.497487e-03
1.639375000e-03,-1.366834e-02,-3.497487e-03
1.640000000e-03,6.030150e-03,-3.497487e-03
1.640625000e-03,9.246230e-03,-3.497487e-03
1.641250000e-03,-9.246230e-03,-3.497487e-03
1.641875000e-03,-1.125628e-02,-3.497487e-03
1.642500000e-03,1.045226e-02,-3.497487e-03
1.643125000e-03,5.628140e-03,-3.497487e-03
1.643750000e-03,-1.246231e-02,-3.497487e-03
1.644375000e-03,-8.442210e-03,-3.497487e-03
1.645000000e-03,1.326633e-02,-3.497487e-03
1.645625000e-03,2.814070e-03,-3.497487e-03
1.646250000e-03,-1.407035e-02,-3.497487e-03
1.646875000e-03,-4.020100e-03,-3.497487e-03
1.647500000e-03,1.206030e-02,-3.497487e-03
1.648125000e-03,0.000000e+00,-3.497487e-03
1.648750000e-03,-1.447236e-02,-3.497487e-03
1.649375000e-03,0.000000e+00,-3.497487e-03
1.650000000e-03,1.286432e-02,-3.497487e-03
1.650625000e-03,-5.226130e-03,-3.497487e-03
1.651250000e-03,-1.527638e-02,-3.497487e-03
1.651875000e-03,4.020100e-03,-3.497487e-03
1.652500000e-03,1.165829e-02,-3.497487e-03
1.653125000e-03,-6.030150e-03,-3.497487e-03
1.653750000e-03,-1.407035e-02,-3.497487e-03
1.654375000e-03,7.236180e-03,-3.497487e-03
1.655000000e-03,8.040200e-03,-3.497487e-03
1.655625000e-03,-9.246230e-03,-3.497487e-03
1.656250000e-03,-1.085427e-02,-3.497487e-03
1.656875000e-03,9.648240e-03,-3.497487e-03
1.657500000e-03,6.030150e-03,-3.497487e-03
1.658125000e-03,-1.366834e-02,-3.497487e-03
1.658750000e-03,-7.236180e-03,-3.497487e-03
1.659375000e-03,1.286432e-02,-3.497487e-03
1.660000000e-03,2.412060e-03,-3.497487e-03
1.660625000e-03,-1.366834e-02,-3.497487e-03
1.661250000e-03,-4.422110e-03,-3.497487e-03
1.661875000e-03,1.286432e-02,-3.497487e-03
1.662500000e-03,-8.040200e-04,-3.497487e-03
1.663125000e-03,-1.407035e-02,-3.497487e-03
1.663750000e-03,0.000000e+00,-3.497487e-03
1.664375000e-03,1.165829e-02,-3.497487e-03
1.665000000e-03,-4.020100e-03,-3.497487e-03
1.665625000e-03,-1.487437e-02,-3.497487e-03
1.666250000e-03,5.226130e-03,-3.497487e-03
1.666875000e-03,1.125628e-02,-3.497487e-03
1.667500000e-03,-8.040200e-03,-3.497487e-03
1.668125000e-03,-1.326633e-02,-3.497487e-03
1.668750000e-03,6.834170e-03,-3.497487e-03
1.669375000e-03,8.844220e-03,-3.497487e-03
1.670000000e-03,-9.648240e-03,-3.497487e-03
1.670625000e-03,-1.005025e-02,-3.497487e-03
1.671250000e-03,1.045226e-02,-3.497487e-03
1.671875000e-03,4.422110e-03,-3.497487e-03
1.672500000e-03,-1.246231e-02,-3.497487e-03
1.673125000e-03,-7.638190e-03,-3.497487e-03
1.673750000e-03,1.286432e-02,-3.497487e-03
1.674375000e-03,2.412060e-03,-3.497487e-03
1.675000000e-03,-1.407035e-02,-3.497487e-03
1.675625000e-03,-2.814070e-03,-3.497487e-03
1.676250000e-03,1.206030e-02,-3.497487e-03
1.676875000e-03,-4.020100e-04,-3.497487e-03
1.677500000e-03,-1.487437e-02,-3.497487e-03
1.678125000e-03,4.020100e-04,-3.497487e-03
1.678750000e-03,1.206030e-02,-3.497487e-03
1.679375000e-03,-5.628140e-03,-3.497487e-03
1.680000000e-03,-1.447236e-02,-3.497487e-03
1.680625000e-03,5.226130e-03,-3.497487e-03
1.681250000e-03,1.045226e-02,-3.497487e-03
1.681875000e-03,-8.040200e-03,-3.497487e-03
1.682500000e-03,-1.366834e-02,-3.497487e-03
1.683125000e-03,8.844220e-03,-3.497487e-03
1.683750000e-03,7.638190e-03,-3.497487e-03
1.684375000e-03,-1.005025e-02,-3.497487e-03
1.685000000e-03,-1.005025e-02,-3.497487e-03
1.685625000e-03,1.085427e-02,-3.497487e-03
1.686250000e-03,5.226130e-03,-3.497487e-03
1.686875000e-03,-1.407035e-02,-3.497487e-03
1.687500000e-03,-6.432160e-03,-3.497487e-03
1.688125000e-03,1.246231e-02,-3.497487e-03
1.688750000e-03,1.608040e-03,-3.497487e-03
1.689375000e-03,-1.407035e-02,-3.497487e-03
1.690000000e-03,-3.216080e-03,-3.497487e-03
1.690625000e-03,1.206030e-02,-3.497487e-03
1.691250000e-03,-1.608040e-03,-3.497487e-03
1.691875000e-03,-1.407035e-02,-3.497487e-03
1.692500000e-03,1.608040e-03,-3.497487e-03
1.693125000e-03,1.085427e-02,-3.497487e-03
1.693750000e-03,-4.824120e-03,-3.497487e-03
1.694375000e-03,-1.487437e-02,-3.497487e-03
1.695000000e-03,6.030150e-03,-3.497487e-03
1.695625000e-03,1.085427e-02,-3.497487e-03
1.696250000e-03,-8.442210e-03,-3.497487e-03
1.696875000e-03,-1.246231e-02,-3.497487e-03
1.697500000e-03,7.638190e-03,-3.497487e-03
1.698125000e-03,7.638190e-03,-3.497487e-03
1.698750000e-03,-1.085427e-02,-3.497487e-03
1.699375000e-03,-8.844220e-03,-3.497487e-03
1.700000000e-03,1.085427e-02,-3.497487e-03
1.700625000e-03,3.216080e-03,-3.497487e-03
1.701250000e-03,-1.286432e-02,-3.497487e-03
1.701875000e-03,-6.834170e-03,-3.497487e-03
1.702500000e-03,1.286432e-02,-3.497487e-03
1.703125000e-03,8.040200e-04,-3.497487e-03
1.703750000e-03,-1.487437e-02,-3.497487e-03
1.704375000e-03,-1.608040e-03,-3.497487e-03
1.705000000e-03,1.125628e-02,-3.497487e-03
1.705625000e-03,-1.608040e-03,-3.497487e-03
1.706250000e-03,-1.407035e-02,-3.497487e-03
1.706875000e-03,2.412060e-03,-3.497487e-03
1.707500000e-03,1.125628e-02,-3.497487e-03
1.708125000e-03,-6.030150e-03,-3.497487e-03
1.708750000e-03,-1.286432e-02,-3.497487e-03
1.709375000e-03,6.432160e-03,-3.497487e-03
1.710000000e-03,1.005025e-02,-3.497487e-03
1.710625000e-03,-9.246230e-03,-3.497487e-03
1.711250000e-03,-1.286432e-02,-3.497487e-03
1.711875000e-03,8.442210e-03,-3.497487e-03
1.712500000e-03,6.834170e-03,-3.497487e-03
1.713125000e-03,-9.648240e-03,-3.497487e-03
1.713750000e-03,-9.246230e-03,-3.497487e-03
1.714375000e-03,1.085427e-02,-3.497487e-03
1.715000000e-03,3.618090e-03,-3.497487e-03
1.715625000e-03,-1.366834e-02,-3.497487e-03
1.716250000e-03,-4.824120e-03,-3.497487e-03
1.716875000e-03,1.286432e-02,-3.497487e-03
1.717500000e-03,8.040200e-04,-3.497487e-03
1.718125000e-03,-1.527638e-02,-3.497487e-03
1.718750000e-03,-1.608040e-03,-3.497487e-03
1.719375000e-03,1.286432e-02,-3.497487e-03
1.720000000e-03,-2.814070e-03,-3.497487e-03
1.720625000e-03,-1.326633e-02,-3.497487e-03
1.721250000e-03,2.010050e-03,-3.497487e-03
1.721875000e-03,1.005025e-02,-3.497487e-03
1.722500000e-03,-6.432160e-03,-3.497487e-03
1.723125000e-03,-1.407035e-02,-3.497487e-03
1.723750000e-03,6.834170e-03,-3.497487e-03
1.724375000e-03,8.844220e-03,-3.497487e-03
1.725000000e-03,-8.442210e-03,-3.497487e-03
1.725625000e-03,-1.206030e-02,-3.497487e-03
1.726250000e-03,9.246230e-03,-3.497487e-03
1.726875000e-03,8.040200e-03,-3.497487e-03
1.727500000e-03,-1.125628e-02,-3.497487e-03
1.728125000e-03,-8.040200e-03,-3.497487e-03
1.728750000e-03,1.045226e-02,-3.497487e-03
1.729375000e-03,2.412060e-03,-3.497487e-03
1.730000000e-03,-1.286432e-02,-3.497487e-03
1.730625000e-03,-4.824120e-03,-3.497487e-03
1.731250000e-03,1.246231e-02,-3.497487e-03
1.731875000e-03,0.000000e+00,-3.497487e-03
1.732500000e-03,-1.407035e-02,-3.497487e-03
1.733125000e-03,-8.040200e-04,-3.497487e-03
1.733750000e-03,1.125628e-02,-3.497487e-03
1.734375000e-03,-2.010050e-03,-3.497487e-03
1.735000000e-03,-1.487437e-02,-3.497487e-03
1.735625000e-03,3.216080e-03,-3.497487e-03
1.736250000e-03,1.045226e-02,-3.497487e-03
1.736875000e-03,-6.834170e-03,-3.497487e-03
1.737500000e-03,-1.286432e-02,-3.497487e-03
1.738125000e-03,6.432160e-03,-3.497487e-03
1.738750000e-03,8.844220e-03,-3.497487e-03
1.739375000e-03,-9.648240e-03,-3.497487e-03
1.740000000e-03,-1.125628e-02,-3.497487e-03
1.740625000e-03,9.648240e-03,-3.497487e-03
1.741250000e-03,6.030150e-03,-3.497487e-03
1.741875000e-03,-1.085427e-02,-3.497487e-03
1.742500000e-03,-7.638190e-03,-3.497487e-03
1.743125000e-03,1.165829e-02,-3.497487e-03
1.743750000e-03,2.010050e-03,-3.497487e-03
1.744375000e-03,-1.326633e-02,-3.497487e-03
1.745000000e-03,-3.618090e-03,-3.497487e-03
1.745625000e-03,1.165829e-02,-3.497487e-03
1.746250000e-03,8.040200e-04,-3.497487e-03
1.746875000e-03,-1.527638e-02,-3.497487e-03
1.747500000e-03,-4.020100e-04,-3.497487e-03
1.748125000e-03,1.206030e-02,-3.497487e-03
1.748750000e-03,-3.618090e-03,-3.497487e-03
1.749375000e-03,-1.366834e-02,-3.497487e-03
1.750000000e-03,3.216080e-03,-3.497487e-03
1.750625000e-03,1.045226e-02,-3.497487e-03
1.751250000e-03,-6.834170e-03,-3.497487e-03
1.751875000e-03,-1.366834e-02,-3.497487e-03
1.752500000e-03,7.638190e-03,-3.497487e-03
1.753125000e-03,8.442210e-03,-3.497487e-03
1.753750000e-03,-9.246230e-03,-3.497487e-03
1.754375000e-03,-1.206030e-02,-3.497487e-03
1.755000000e-03,9.648240e-03,-3.497487e-03
1.755625000e-03,6.432160e-03,-3.497487e-03
1.756250000e-03,-1.206030e-02,-3.497487e-03
1.756875000e-03,-6.834170e-03,-3.497487e-03
1.757500000e-03,1.125628e-02,-3.497487e-03
1.758125000e-03,2.814070e-03,-3.497487e-03
1.758750000e-03,-1.407035e-02,-3.497487e-03
1.759375000e-03,-2.814070e-03,-3.497487e-03
1.760000000e-03,1.246231e-02,-3.497487e-03
1.760625000e-03,-1.206030e-03,-3.497487e-03
1.761250000e-03,-1.487437e-02,-3.497487e-03
1.761875000e-03,0.000000e+00,-3.497487e-03
1.762500000e-03,1.165829e-02,-3.497487e-03
1.763125000e-03,-3.618090e-03,-3.497487e-03
1.763750000e-03,-1.407035e-02,-3.497487e-03
1.764375000e-03,4.422110e-03,-3.497487e-03
1.765000000e-03,9.246230e-03,-3.497487e-03
1.765625000e-03,-6.834170e-03,-3.497487e-03
1.766250000e-03,-1.206030e-02,-3.497487e-03
1.766875000e-03,7.236180e-03,-3.497487e-03
1.767500000e-03,8.040200e-03,-3.497487e-03
1.768125000e-03,-1.125628e-02,-3.497487e-03
1.768750000e-03,-1.045226e-02,-3.497487e-03
1.769375000e-03,9.648240e-03,-3.497487e-03
1.770000000e-03,6.030150e-03,-3.497487e-03
1.770625000e-03,-1.165829e-02,-3.497487e-03
1.771250000e-03,-7.638190e-03,-3.497487e-03
1.771875000e-03,1.165829e-02,-3.497487e-03
1.772500000e-03,1.206030e-03,-3.497487e-03
1.773125000e-03,-1.366834e-02,-3.497487e-03
1.773750000e-03,-2.412060e-03,-3.497487e-03
1.774375000e-03,1.206030e-02,-3.497487e-03
1.775000000e-03,-8.040200e-04,-3.497487e-03
1.775625000e-03,-1.487437e-02,-3.497487e-03
1.776250000e-03,4.020100e-04,-3.497487e-03
1.776875000e-03,1.165829e-02,-3.497487e-03
1.777500000e-03,-4.020100e-03,-3.497487e-03
1.778125000e-03,-1.366834e-02,-3.497487e-03
1.778750000e-03,3.618090e-03,-3.497487e-03
1.779375000e-03,1.005025e-02,-3.497487e-03
1.780000000e-03,-8.844220e-03,-3.497487e-03
1.780625000e-03,-1.206030e-02,-3.497487e-03
1.781250000e-03,8.040200e-03,-3.497487e-03
1.781875000e-03,7.236180e-03,-3.497487e-03
1.782500000e-03,-9.648240e-03,-3.497487e-03
1.783125000e-03,-9.648240e-03,-3.497487e-03
1.783750000e-03,1.085427e-02,-3.497487e-03
1.784375000e-03,5.628140e-03,-3.497487e-03
1.785000000e-03,-1.165829e-02,-3.497487e-03
1.785625000e-03,-6.432160e-03,-3.497487e-03
1.786250000e-03,1.085427e-02,-3.497487e-03
1.786875000e-03,1.608040e-03,-3.497487e-03
1.787500000e-03,-1.366834e-02,-3.497487e-03
1.788125000e-03,-2.010050e-03,-3.497487e-03
1.788750000e-03,1.206030e-02,-3.497487e-03
1.789375000e-03,-2.010050e-03,-3.497487e-03
1.790000000e-03,-1.447236e-02,-3.497487e-03
1.790625000e-03,4.020100e-04,-3.497487e-03
1.791250000e-03,1.085427e-02,-3.497487e-03
1.791875000e-03,-4.422110e-03,-3.497487e-03
1.792500000e-03,-1.366834e-02,-3.497487e-03
1.793125000e-03,5.226130e-03,-3.497487e-03
1.793750000e-03,9.246230e-03,-3.497487e-03
1.794375000e-03,-8.040200e-03,-3.497487e-03
1.795000000e-03,-1.165829e-02,-3.497487e-03
1.795625000e-03,8.040200e-03,-3.497487e-03
1.796250000e-03,8.040200e-03,-3.497487e-03
1.796875000e-03,-1.125628e-02,-3.497487e-03
1.797500000e-03,-9.246230e-03,-3.497487e-03
1.798125000e-03,1.045226e-02,-3.497487e-03
1.798750000e-03,4.824120e-03,-3.497487e-03
1.799375000e-03,-1.246231e-02,-3.497487e-03
1.800000000e-03,-6.432160e-03,-3.497487e-03
1.800625000e-03,1.125628e-02,-3.497487e-03
1.801250000e-03,4.020100e-04,-3.497487e-03
1.801875000e-03,-1.286432e-02,-3.497487e-03
1.802500000e-03,-2.010050e-03,-3.497487e-03
1.803125000e-03,1.165829e-02,-3.497487e-03
1.803750000e-03,-1.608040e-03,-3.497487e-03
1.804375000e-03,-1.447236e-02,-3.497487e-03
1.805000000e-03,2.010050e-03,-3.497487e-03
1.805625000e-03,1.125628e-02,-3.497487e-03
1.806250000e-03,-4.020100e-03,-3.497487e-03
1.806875000e-03,-1.326633e-02,-3.497487e-03
1.807500000e-03,4.824120e-03,-3.497487e-03
1.808125000e-03,9.648240e-03,-3.497487e-03
1.808750000e-03,-8.442210e-03,-3.497487e-03
1.809375000e-03,-1.206030e-02,-3.497487e-03
1.810000000e-03,8.844220e-03,-3.497487e-03
1.810625000e-03,7.236180e-03,-3.497487e-03
1.811250000e-03,-1.045226e-02,-3.497487e-03
1.811875000e-03,-9.246230e-03,-3.497487e-03
1.812500000e-03,1.085427e-02,-3.497487e-03
1.813125000e-03,3.618090e-03,-3.497487e-03
1.813750000e-03,-1.326633e-02,-3.497487e-03
1.814375000e-03,-6.030150e-03,-3.497487e-03
1.815000000e-03,1.085427e-02,-3.497487e-03
1.815625000e-03,1.206030e-03,-3.497487e-03
1.816250000e-03,-1.447236e-02,-3.497487e-03
1.816875000e-03,-8.040200e-04,-3.497487e-03
1.817500000e-03,1.246231e-02,-3.497487e-03
1.818125000e-03,-2.412060e-03,-3.497487e-03
1.818750000e-03,-1.407035e-02,-3.497487e-03
1.819375000e-03,1.608040e-03,-3.497487e-03
1.820000000e-03,1.125628e-02,-3.497487e-03
1.820625000e-03,-5.628140e-03,-3.497487e-03
1.821250000e-03,-1.366834e-02,-3.497487e-03
1.821875000e-03,6.030150e-03,-3.497487e-03
1.822500000e-03,8.844220e-03,-3.497487e-03
1.823125000e-03,-7.638190e-03,-3.497487e-03
1.823750000e-03,-1.085427e-02,-3.497487e-03
1.824375000e-03,8.844220e-03,-3.497487e-03
1.825000000e-03,6.432160e-03,-3.497487e-03
1.825625000e-03,-1.206030e-02,-3.497487e-03
1.826250000e-03,-8.844220e-03,-3.497487e-03
1.826875000e-03,1.045226e-02,-3.497487e-03
1.827500000e-03,4.020100e-03,-3.497487e-03
1.828125000e-03,-1.326633e-02,-3.497487e-03
1.828750000e-03,-5.628140e-03,-3.497487e-03
1.829375000e-03,1.206030e-02,-3.497487e-03
1.830000000e-03,4.020100e-04,-3.497487e-03
1.830625000e-03,-1.366834e-02,-3.497487e-03
1.831250000e-03,-8.040200e-04,-3.497487e-03
1.831875000e-03,1.165829e-02,-3.497487e-03
1.832500000e-03,-3.216080e-03,-3.497487e-03
1.833125000e-03,-1.366834e-02,-3.497487e-03
1.833750000e-03,3.618090e-03,-3.497487e-03
1.834375000e-03,1.005025e-02,-3.497487e-03
1.835000000e-03,-6.030150e-03,-3.497487e-03
1.835625000e-03,-1.326633e-02,-3.497487e-03
1.836250000e-03,6.432160e-03,-3.497487e-03
1.836875000e-03,9.246230e-03,-3.497487e-03
1.837500000e-03,-9.246230e-03,-3.497487e-03
1.838125000e-03,-1.005025e-02,-3.497487e-03
1.838750000e-03,8.844220e-03,-3.497487e-03
1.839375000e-03,5.628140e-03,-3.497487e-03
1.840000000e-03,-1.125628e-02,-3.497487e-03
1.840625000e-03,-8.040200e-03,-3.497487e-03
1.841250000e-03,1.165829e-02,-3.497487e-03
1.841875000e-03,2.814070e-03,-3.497487e-03
1.842500000e-03,-1.326633e-02,-3.497487e-03
1.843125000e-03,-4.824120e-03,-3.497487e-03
1.843750000e-03,1.165829e-02,-3.497487e-03
1.844375000e-03,0.000000e+00,-3.497487e-03
1.845000000e-03,-1.447236e-02,-3.497487e-03
1.845625000e-03,-4.020100e-04,-3.497487e-03
1.846250000e-03,1.165829e-02,-3.497487e-03
1.846875000e-03,-4.020100e-03,-3.497487e-03
1.847500000e-03,-1.366834e-02,-3.497487e-03
1.848125000e-03,3.216080e-03,-3.497487e-03
1.848750000e-03,1.085427e-02,-3.497487e-03
1.849375000e-03,-6.432160e-03,-3.497487e-03
1.850000000e-03,-1.246231e-02,-3.497487e-03
1.850625000e-03,6.834170e-03,-3.497487e-03
1.851250000e-03,8.040200e-03,-3.497487e-03
1.851875000e-03,-9.246230e-03,-3.497487e-03
1.852500000e-03,-1.045226e-02,-3.497487e-03
1.853125000e-03,1.005025e-02,-3.497487e-03
1.853750000e-03,5.226130e-03,-3.497487e-03
1.854375000e-03,-1.206030e-02,-3.497487e-03
1.855000000e-03,-7.638190e-03,-3.497487e-03
1.855625000e-03,1.085427e-02,-3.497487e-03
1.856250000e-03,3.216080e-03,-3.497487e-03
1.856875000e-03,-1.326633e-02,-3.497487e-03
1.857500000e-03,-4.020100e-03,-3.497487e-03
1.858125000e-03,1.165829e-02,-3.497487e-03
1.858750000e-03,-1.206030e-03,-3.497487e-03
1.859375000e-03,-1.326633e-02,-3.497487e-03
1.860000000e-03,0.000000e+00,-3.497487e-03
1.860625000e-03,1.165829e-02,-3.497487e-03
1.861250000e-03,-4.020100e-03,-3.497487e-03
1.861875000e-03,-1.366834e-02,-3.497487e-03
1.862500000e-03,3.618090e-03,-3.497487e-03
1.863125000e-03,9.246230e-03,-3.497487e-03
1.863750000e-03,-5.226130e-03,-3.497487e-03
1.864375000e-03,-1.286432e-02,-3.497487e-03
1.865000000e-03,7.236180e-03,-3.497487e-03
1.865625000e-03,8.040200e-03,-3.497487e-03
1.866250000e-03,-9.246230e-03,-3.497487e-03
1.866875000e-03,-1.005025e-02,-3.497487e-03
1.867500000e-03,9.648240e-03,-3.497487e-03
1.868125000e-03,5.226130e-03,-3.497487e-03
1.868750000e-03,-1.246231e-02,-3.497487e-03
1.869375000e-03,-7.638190e-03,-3.497487e-03
1.870000000e-03,1.165829e-02,-3.497487e-03
1.870625000e-03,1.608040e-03,-3.497487e-03
1.871250000e-03,-1.366834e-02,-3.497487e-03
1.871875000e-03,-3.618090e-03,-3.497487e-03
1.872500000e-03,1.206030e-02,-3.497487e-03
1.873125000e-03,-4.020100e-04,-3.497487e-03
1.873750000e-03,-1.447236e-02,-3.497487e-03
1.874375000e-03,8.040200e-04,-3.497487e-03
1.875000000e-03,1.125628e-02,-3.497487e-03
1.875625000e-03,-3.618090e-03,-3.497487e-03
1.876250000e-03,-1.366834e-02,-3.497487e-03
1.876875000e-03,4.020100e-03,-3.497487e-03
1.877500000e-03,1.005025e-02,-3.497487e-03
1.878125000e-03,-7.638190e-03,-3.497487e-03
1.878750000e-03,-1.165829e-02,-3.497487e-03
1.879375000e-03,7.236180e-03,-3.497487e-03
1.880000000e-03,7.638190e-03,-3.497487e-03
1.880625000e-03,-9.648240e-03,-3.497487e-03
1.881250000e-03,-9.246230e-03,-3.497487e-03
1.881875000e-03,1.045226e-02,-3.497487e-03
1.882500000e-03,4.422110e-03,-3.497487e-03
1.883125000e-03,-1.206030e-02,-3.497487e-03
1.883750000e-03,-6.834170e-03,-3.497487e-03
1.884375000e-03,1.125628e-02,-3.497487e-03
1.885000000e-03,2.010050e-03,-3.497487e-03
1.885625000e-03,-1.366834e-02,-3.497487e-03
1.886250000e-03,-2.814070e-03,-3.497487e-03
1.886875000e-03,1.165829e-02,-3.497487e-03
1.887500000e-03,-1.206030e-03,-3.497487e-03
1.888125000e-03,-1.366834e-02,-3.497487e-03
1.888750000e-03,1.206030e-03,-3.497487e-03
1.889375000e-03,1.206030e-02,-3.497487e-03
1.890000000e-03,-5.226130e-03,-3.497487e-03
1.890625000e-03,-1.366834e-02,-3.497487e-03
1.891250000e-03,4.824120e-03,-3.497487e-03
1.891875000e-03,8.844220e-03,-3.497487e-03
1.892500000e-03,-7.236180e-03,-3.497487e-03
1.893125000e-03,-1.206030e-02,-3.497487e-03
1.893750000e-03,8.040200e-03,-3.497487e-03
1.894375000e-03,6.834170e-03,-3.497487e-03
1.895000000e-03,-1.045226e-02,-3.497487e-03
1.895625000e-03,-8.844220e-03,-3.497487e-03
1.896250000e-03,9.648240e-03,-3.497487e-03
1.896875000e-03,4.824120e-03,-3.497487e-03
1.897500000e-03,-1.246231e-02,-3.497487e-03
1.898125000e-03,-5.628140e-03,-3.497487e-03
1.898750000e-03,1.125628e-02,-3.497487e-03
1.899375000e-03,4.020100e-04,-3.497487e-03
1.900000000e-03,-1.286432e-02,-3.497487e-03
1.900625000e-03,-2.412060e-03,-3.497487e-03
1.901250000e-03,1.206030e-02,-3.497487e-03
1.901875000e-03,-2.010050e-03,-3.497487e-03
1.902500000e-03,-1.447236e-02,-3.497487e-03
1.903125000e-03,1.608040e-03,-3.497487e-03
1.903750000e-03,1.085427e-02,-3.497487e-03
1.904375000e-03,-4.422110e-03,-3.497487e-03
1.905000000e-03,-1.326633e-02,-3.497487e-03
1.905625000e-03,5.226130e-03,-3.497487e-03
1.906250000e-03,9.246230e-03,-3.497487e-03
1.906875000e-03,-8.442210e-03,-3.497487e-03
1.907500000e-03,-1.125628e-02,-3.497487e-03
1.908125000e-03,7.638190e-03,-3.497487e-03
1.908750000e-03,7.236180e-03,-3.497487e-03
1.909375000e-03,-1.005025e-02,-3.497487e-03
1.910000000e-03,-8.844220e-03,-3.497487e-03
1.910625000e-03,1.125628e-02,-3.497487e-03
1.911250000e-03,3.216080e-03,-3.497487e-03
1.911875000e-03,-1.206030e-02,-3.497487e-03
1.912500000e-03,-5.226130e-03,-3.497487e-03
1.913125000e-03,1.125628e-02,-3.497487e-03
1.913750000e-03,4.020100e-04,-3.497487e-03
1.914375000e-03,-1.366834e-02,-3.497487e-03
1.915000000e-03,-8.040200e-04,-3.497487e-03
1.915625000e-03,1.085427e-02,-3.497487e-03
1.916250000e-03,-2.412060e-03,-3.497487e-03
1.916875000e-03,-1.366834e-02,-3.497487e-03
1.917500000e-03,1.608040e-03,-3.497487e-03
1.918125000e-03,1.045226e-02,-3.497487e-03
1.918750000e-03,-5.628140e-03,-3.497487e-03
1.919375000e-03,-1.206030e-02,-3.497487e-03
1.920000000e-03,5.628140e-03,-3.497487e-03
1.920625000e-03,9.648240e-03,-3.497487e-03
1.921250000e-03,-8.040200e-03,-3.497487e-03
1.921875000e-03,-1.165829e-02,-3.497487e-03
1.922500000e-03,8.844220e-03,-3.497487e-03
1.923125000e-03,6.030150e-03,-3.497487e-03
1.923750000e-03,-1.085427e-02,-3.497487e-03
1.924375000e-03,-8.040200e-03,-3.497487e-03
1.925000000e-03,1.005025e-02,-3.497487e-03
1.925625000e-03,3.216080e-03,-3.497487e-03
1.926250000e-03,-1.286432e-02,-3.497487e-03
1.926875000e-03,-4.422110e-03,-3.497487e-03
1.927500000e-03,1.085427e-02,-3.497487e-03
1.928125000e-03,-4.020100e-04,-3.497487e-03
1.928750000e-03,-1.286432e-02,-3.497487e-03
1.929375000e-03,-1.206030e-03,-3.497487e-03
1.930000000e-03,1.165829e-02,-3.497487e-03
1.930625000e-03,-2.412060e-03,-3.497487e-03
1.931250000e-03,-1.326633e-02,-3.497487e-03
1.931875000e-03,2.412060e-03,-3.497487e-03
1.932500000e-03,9.648240e-03,-3.497487e-03
1.933125000e-03,-4.824120e-03,-3.497487e-03
1.933750000e-03,-1.286432e-02,-3.497487e-03
1.934375000e-03,6.030150e-03,-3.497487e-03
1.935000000e-03,8.442210e-03,-3.497487e-03
1.935625000e-03,-8.844220e-03,-3.497487e-03
1.936250000e-03,-9.648240e-03,-3.497487e-03
1.936875000e-03,8.442210e-03,-3.497487e-03
1.937500000e-03,5.628140e-03,-3.497487e-03
1.938125000e-03,-1.085427e-02,-3.497487e-03
1.938750000e-03,-7.236180e-03,-3.497487e-03
1.939375000e-03,1.085427e-02,-3.497487e-03
1.940000000e-03,2.814070e-03,-3.497487e-03
1.940625000e-03,-1.206030e-02,-3.497487e-03
1.941250000e-03,-4.824120e-03,-3.497487e-03
1.941875000e-03,1.165829e-02,-3.497487e-03
1.942500000e-03,0.000000e+00,-3.497487e-03
1.943125000e-03,-1.366834e-02,-3.497487e-03
1.943750000e-03,0.000000e+00,-3.497487e-03
1.944375000e-03,1.005025e-02,-3.497487e-03
1.945000000e-03,-2.814070e-03,-3.497487e-03
1.945625000e-03,-1.326633e-02,-3.497487e-03
1.946250000e-03,3.216080e-03,-3.497487e-03
1.946875000e-03,9.648240e-03,-3.497487e-03
1.947500000e-03,-7.638190e-03,-3.497487e-03
1.948125000e-03,-1.206030e-02,-3.497487e-03
1.948750000e-03,6.030150e-03,-3.497487e-03
1.949375000e-03,7.638190e-03,-3.497487e-03
1.950000000e-03,-9.648240e-03,-3.497487e-03
1.950625000e-03,-1.045226e-02,-3.497487e-03
1.951250000e-03,9.246230e-03,-3.497487e-03
1.951875000e-03,5.226130e-03,-3.497487e-03
1.952500000e-03,-1.045226e-02,-3.497487e-03
1.953125000e-03,-6.432160e-03,-3.497487e-03
1.953750000e-03,1.005025e-02,-3.497487e-03
1.954375000e-03,2.412060e-03,-3.497487e-03
1.955000000e-03,-1.326633e-02,-3.497487e-03
1.955625000e-03,-3.216080e-03,-3.497487e-03
1.956250000e-03,1.125628e-02,-3.497487e-03
1.956875000e-03,-4.020100e-04,-3.497487e-03
1.957500000e-03,-1.286432e-02,-3.497487e-03
1.958125000e-03,0.000000e+00,-3.497487e-03
1.958750000e-03,1.125628e-02,-3.497487e-03
1.959375000e-03,-4.020100e-03,-3.497487e-03
1.960000000e-03,-1.286432e-02,-3.497487e-03
1.960625000e-03,3.216080e-03,-3.497487e-03
1.961250000e-03,9.246230e-03,-3.497487e-03
1.961875000e-03,-6.834170e-03,-3.497487e-03
1.962500000e-03,-1.286432e-02,-3.497487e-03
1.963125000e-03,7.236180e-03,-3.497487e-03
1.963750000e-03,8.040200e-03,-3.497487e-03
1.964375000e-03,-8.442210e-03,-3.497487e-03
1.965000000e-03,-9.246230e-03,-3.497487e-03
1.965625000e-03,8.844220e-03,-3.497487e-03
1.966250000e-03,4.824120e-03,-3.497487e-03
1.966875000e-03,-1.165829e-02,-3.497487e-03
1.967500000e-03,-6.834170e-03,-3.497487e-03
1.968125000e-03,1.005025e-02,-3.497487e-03
1.968750000e-03,1.608040e-03,-3.497487e-03
1.969375000e-03,-1.206030e-02,-3.497487e-03
1.970000000e-03,-3.216080e-03,-3.497487e-03
1.970625000e-03,1.165829e-02,-3.497487e-03
1.971250000e-03,-8.040200e-04,-3.497487e-03
1.971875000e-03,-1.246231e-02,-3.497487e-03
1.972500000e-03,8.040200e-04,-3.497487e-03
1.973125000e-03,9.246230e-03,-3.497487e-03
1.973750000e-03,-4.824120e-03,-3.497487e-03
1.974375000e-03,-1.366834e-02,-3.497487e-03
1.975000000e-03,4.020100e-03,-3.497487e-03
1.975625000e-03,9.246230e-03,-3.497487e-03
1.976250000e-03,-6.834170e-03,-3.497487e-03
1.976875000e-03,-1.045226e-02,-3.497487e-03
1.977500000e-03,6.834170e-03,-3.497487e-03
1.978125000e-03,8.040200e-03,-3.497487e-03
1.978750000e-03,-9.246230e-03,-3.497487e-03
1.979375000e-03,-9.648240e-03,-3.497487e-03
1.980000000e-03,9.246230e-03,-3.497487e-03
1.980625000e-03,4.020100e-03,-3.497487e-03
1.981250000e-03,-1.125628e-02,-3.497487e-03
1.981875000e-03,-6.030150e-03,-3.497487e-03
1.982500000e-03,1.125628e-02,-3.497487e-03
1.983125000e-03,1.608040e-03,-3.497487e-03
1.983750000e-03,-1.326633e-02,-3.497487e-03
1.984375000e-03,-2.010050e-03,-3.497487e-03
1.985000000e-03,1.085427e-02,-3.497487e-03
1.985625000e-03,-8.040200e-04,-3.497487e-03
1.986250000e-03,-1.326633e-02,-3.497487e-03
1.986875000e-03,4.020100e-04,-3.497487e-03
1.987500000e-03,1.005025e-02,-3.497487e-03
1.988125000e-03,-4.422110e-03,-3.497487e-03
1.988750000e-03,-1.165829e-02,-3.497487e-03
1.989375000e-03,4.020100e-03,-3.497487e-03
1.990000000e-03,8.442210e-03,-3.497487e-03
1.990625000e-03,-6.834170e-03,-3.497487e-03
1.991250000e-03,-1.045226e-02,-3.497487e-03
1.991875000e-03,7.638190e-03,-3.497487e-03
1.992500000e-03,6.432160e-03,-3.497487e-03
1.993125000e-03,-1.005025e-02,-3.497487e-03
1.993750000e-03,-9.246230e-03,-3.497487e-03
1.994375000e-03,8.040200e-03,-3.497487e-03
1.995000000e-03,4.422110e-03,-3.497487e-03
1.995625000e-03,-1.085427e-02,-3.497487e-03
1.996250000e-03,-5.226130e-03,-3.497487e-03
1.996875000e-03,1.005025e-02,-3.497487e-03
1.997500000e-03,1.608040e-03,-3.497487e-03
1.998125000e-03,-1.246231e-02,-3.497487e-03
1.998750000e-03,-2.814070e-03,-3.497487e-03
1.999375000e-03,1.125628e-02,-3.497487e-03
2.000000000e-03,-2.010050e-03,-3.497487e-03
2.000625000e-03,-1.326633e-02,-3.497487e-03
2.001250000e-03,8.040200e-04,-3.497487e-03
2.001875000e-03,1.005025e-02,-3.497487e-03
2.002500000e-03,-4.422110e-03,-3.497487e-03
2.003125000e-03,-1.206030e-02,-3.497487e-03
2.003750000e-03,4.824120e-03,-3.497487e-03
2.004375000e-03,8.040200e-03,-3.497487e-03
2.005000000e-03,-7.236180e-03,-3.497487e-03
2.005625000e-03,-1.005025e-02,-3.497487e-03
2.006250000e-03,7.236180e-03,-3.497487e-03
2.006875000e-03,6.432160e-03,-3.497487e-03
2.007500000e-03,-9.648240e-03,-3.497487e-03
2.008125000e-03,-8.040200e-03,-3.497487e-03
2.008750000e-03,9.648240e-03,-3.497487e-03
2.009375000e-03,3.216080e-03,-3.497487e-03
2.010000000e-03,-1.125628e-02,-3.497487e-03
2.010625000e-03,-5.628140e-03,-3.497487e-03
2.011250000e-03,1.085427e-02,-3.497487e-03
2.011875000e-03,8.040200e-04,-3.497487e-03
2.012500000e-03,-1.286432e-02,-3.497487e-03
2.013125000e-03,-1.206030e-03,-3.497487e-03
2.013750000e-03,1.045226e-02,-3.497487e-03
2.014375000e-03,-1.206030e-03,-3.497487e-03
2.015000000e-03,-1.326633e-02,-3.497487e-03
2.015625000e-03,1.206030e-03,-3.497487e-03
2.016250000e-03,9.648240e-03,-3.497487e-03
2.016875000e-03,-5.628140e-03,-3.497487e-03
2.017500000e-03,-1.125628e-02,-3.497487e-03
2.018125000e-03,4.824120e-03,-3.497487e-03
2.018750000e-03,8.442210e-03,-3.497487e-03
2.019375000e-03,-8.040200e-03,-3.497487e-03
2.020000000e-03,-1.085427e-02,-3.497487e-03
2.020625000e-03,8.040200e-03,-3.497487e-03
2.021250000e-03,5.628140e-03,-3.497487e-03
2.021875000e-03,-9.648240e-03,-3.497487e-03
2.022500000e-03,-8.442210e-03,-3.497487e-03
2.023125000e-03,9.648240e-03,-3.497487e-03
2.023750000e-03,3.216080e-03,-3.497487e-03
2.024375000e-03,-1.206030e-02,-3.497487e-03
2.025000000e-03,-4.422110e-03,-3.497487e-03
2.025625000e-03,1.005025e-02,-3.497487e-03
2.026250000e-03,0.000000e+00,-3.497487e-03
2.026875000e-03,-1.286432e-02,-3.497487e-03
2.027500000e-03,-8.040200e-04,-3.497487e-03
2.028125000e-03,1.125628e-02,-3.497487e-03
2.028750000e-03,-2.412060e-03,-3.497487e-03
2.029375000e-03,-1.286432e-02,-3.497487e-03
2.030000000e-03,1.608040e-03,-3.497487e-03
2.030625000e-03,8.844220e-03,-3.497487e-03
2.031250000e-03,-4.020100e-03,-3.497487e-03
2.031875000e-03,-1.246231e-02,-3.497487e-03
2.032500000e-03,5.628140e-03,-3.497487e-03
2.033125000e-03,7.638190e-03,-3.497487e-03
2.033750000e-03,-8.442210e-03,-3.497487e-03
2.034375000e-03,-1.045226e-02,-3.497487e-03
2.035000000e-03,8.040200e-03,-3.497487e-03
2.035625000e-03,6.030150e-03,-3.497487e-03
2.036250000e-03,-1.085427e-02,-3.497487e-03
2.036875000e-03,-6.834170e-03,-3.497487e-03
2.037500000e-03,1.005025e-02,-3.497487e-03
2.038125000e-03,2.814070e-03,-3.497487e-03
2.038750000e-03,-1.125628e-02,-3.497487e-03
2.039375000e-03,-4.020100e-03,-3.497487e-03
2.040000000e-03,1.085427e-02,-3.497487e-03
2.040625000e-03,-8.040200e-04,-3.497487e-03
2.041250000e-03,-1.326633e-02,-3.497487e-03
2.041875000e-03,0.000000e+00,-3.497487e-03
2.042500000e-03,1.045226e-02,-3.497487e-03
2.043125000e-03,-2.412060e-03,-3.497487e-03
2.043750000e-03,-1.326633e-02,-3.497487e-03
2.044375000e-03,2.814070e-03,-3.497487e-03
2.045000000e-03,9.246230e-03,-3.497487e-03
2.045625000e-03,-6.030150e-03,-3.497487e-03
2.046250000e-03,-1.085427e-02,-3.497487e-03
2.046875000e-03,6.030150e-03,-3.497487e-03
2.047500000e-03,7.638190e-03,-3.497487e-03
2.048125000e-03,-8.844220e-03,-3.497487e-03
2.048750000e-03,-9.246230e-03,-3.497487e-03
2.049375000e-03,7.638190e-03,-3.497487e-03
2.050000000e-03,5.628140e-03,-3.497487e-03
2.050625000e-03,-9.648240e-03,-3.497487e-03
2.051250000e-03,-7.236180e-03,-3.497487e-03
2.051875000e-03,1.005025e-02,-3.497487e-03
2.052500000e-03,2.412060e-03,-3.497487e-03
2.053125000e-03,-1.165829e-02,-3.497487e-03
2.053750000e-03,-3.216080e-03,-3.497487e-03
2.054375000e-03,1.005025e-02,-3.497487e-03
2.055000000e-03,-4.020100e-04,-3.497487e-03
2.055625000e-03,-1.366834e-02,-3.497487e-03
2.056250000e-03,4.020100e-04,-3.497487e-03
2.056875000e-03,1.085427e-02,-3.497487e-03
2.057500000e-03,-3.618090e-03,-3.497487e-03
2.058125000e-03,-1.165829e-02,-3.497487e-03
2.058750000e-03,2.412060e-03,-3.497487e-03
2.059375000e-03,9.648240e-03,-3.497487e-03
2.060000000e-03,-6.030150e-03,-3.497487e-03
2.060625000e-03,-1.125628e-02,-3.497487e-03
2.061250000e-03,6.030150e-03,-3.497487e-03
2.061875000e-03,6.030150e-03,-3.497487e-03
2.062500000e-03,-8.040200e-03,-3.497487e-03
2.063125000e-03,-9.246230e-03,-3.497487e-03
2.063750000e-03,8.844220e-03,-3.497487e-03
2.064375000e-03,4.824120e-03,-3.497487e-03
2.065000000e-03,-1.125628e-02,-3.497487e-03
2.065625000e-03,-6.432160e-03,-3.497487e-03
2.066250000e-03,9.648240e-03,-3.497487e-03
2.066875000e-03,2.412060e-03,-3.497487e-03
2.067500000e-03,-1.206030e-02,-3.497487e-03
2.068125000e-03,-3.216080e-03,-3.497487e-03
2.068750000e-03,1.045226e-02,-3.497487e-03
2.069375000e-03,-1.206030e-03,-3.497487e-03
2.070000000e-03,-1.165829e-02,-3.497487e-03
2.070625000e-03,0.000000e+00,-3.497487e-03
2.071250000e-03,9.648240e-03,-3.497487e-03
2.071875000e-03,-2.814070e-03,-3.497487e-03
2.072500000e-03,-1.246231e-02,-3.497487e-03
2.073125000e-03,3.618090e-03,-3.497487e-03
2.073750000e-03,8.442210e-03,-3.497487e-03
2.074375000e-03,-6.432160e-03,-3.497487e-03
2.075000000e-03,-1.125628e-02,-3.497487e-03
2.075625000e-03,6.432160e-03,-3.497487e-03
2.076250000e-03,6.834170e-03,-3.497487e-03
2.076875000e-03,-1.005025e-02,-3.497487e-03
2.077500000e-03,-8.844220e-03,-3.497487e-03
2.078125000e-03,9.246230e-03,-3.497487e-03
2.078750000e-03,4.824120e-03,-3.497487e-03
2.079375000e-03,-1.045226e-02,-3.497487e-03
2.080000000e-03,-6.834170e-03,-3.497487e-03
2.080625000e-03,9.648240e-03,-3.497487e-03
2.081250000e-03,1.608040e-03,-3.497487e-03
2.081875000e-03,-1.125628e-02,-3.497487e-03
2.082500000e-03,-2.814070e-03,-3.497487e-03
2.083125000e-03,9.648240e-03,-3.497487e-03
2.083750000e-03,-8.040200e-04,-3.497487e-03
2.084375000e-03,-1.246231e-02,-3.497487e-03
2.085000000e-03,4.020100e-04,-3.497487e-03
2.085625000e-03,1.005025e-02,-3.497487e-03
2.086250000e-03,-3.618090e-03,-3.497487e-03
2.086875000e-03,-1.165829e-02,-3.497487e-03
2.087500000e-03,2.412060e-03,-3.497487e-03
2.088125000e-03,8.844220e-03,-3.497487e-03
2.088750000e-03,-6.432160e-03,-3.497487e-03
2.089375000e-03,-1.045226e-02,-3.497487e-03
2.090000000e-03,6.432160e-03,-3.497487e-03
2.090625000e-03,6.030150e-03,-3.497487e-03
2.091250000e-03,-8.844220e-03,-3.497487e-03
2.091875000e-03,-8.844220e-03,-3.497487e-03
2.092500000e-03,9.648240e-03,-3.497487e-03
2.093125000e-03,4.422110e-03,-3.497487e-03
2.093750000e-03,-1.125628e-02,-3.497487e-03
2.094375000e-03,-6.030150e-03,-3.497487e-03
2.095000000e-03,8.844220e-03,-3.497487e-03
2.095625000e-03,1.608040e-03,-3.497487e-03
2.096250000e-03,-1.246231e-02,-3.497487e-03
2.096875000e-03,-2.010050e-03,-3.497487e-03
2.097500000e-03,1.045226e-02,-3.497487e-03
2.098125000e-03,-2.010050e-03,-3.497487e-03
2.098750000e-03,-1.165829e-02,-3.497487e-03
2.099375000e-03,4.020100e-04,-3.497487e-03
2.100000000e-03,9.648240e-03,-3.497487e-03
2.100625000e-03,-4.824120e-03,-3.497487e-03
2.101250000e-03,-1.206030e-02,-3.497487e-03
2.101875000e-03,4.422110e-03,-3.497487e-03
2.102500000e-03,7.236180e-03,-3.497487e-03
2.103125000e-03,-6.030150e-03,-3.497487e-03
2.103750000e-03,-1.045226e-02,-3.497487e-03
2.104375000e-03,6.834170e-03,-3.497487e-03
2.105000000e-03,6.030150e-03,-3.497487e-03
2.105625000e-03,-1.045226e-02,-3.497487e-03
2.106250000e-03,-7.236180e-03,-3.497487e-03
2.106875000e-03,9.246230e-03,-3.497487e-03
2.107500000e-03,4.020100e-03,-3.497487e-03
2.108125000e-03,-1.125628e-02,-3.497487e-03
2.108750000e-03,-6.030150e-03,-3.497487e-03
2.109375000e-03,1.005025e-02,-3.497487e-03
2.110000000e-03,8.040200e-04,-3.497487e-03
2.110625000e-03,-1.085427e-02,-3.497487e-03
2.111250000e-03,-2.412060e-03,-3.497487e-03
2.111875000e-03,9.648240e-03,-3.497487e-03
2.112500000e-03,-1.608040e-03,-3.497487e-03
2.113125000e-03,-1.326633e-02,-3.497487e-03
2.113750000e-03,1.206030e-03,-3.497487e-03
2.114375000e-03,9.648240e-03,-3.497487e-03
2.115000000e-03,-5.226130e-03,-3.497487e-03
2.115625000e-03,-1.165829e-02,-3.497487e-03
2.116250000e-03,4.422110e-03,-3.497487e-03
2.116875000e-03,9.246230e-03,-3.497487e-03
2.117500000e-03,-6.834170e-03,-3.497487e-03
2.118125000e-03,-9.648240e-03,-3.497487e-03
2.118750000e-03,7.236180e-03,-3.497487e-03
2.119375000e-03,4.824120e-03,-3.497487e-03
2.120000000e-03,-9.246230e-03,-3.497487e-03
2.120625000e-03,-7.638190e-03,-3.497487e-03
2.121250000e-03,9.648240e-03,-3.497487e-03
2.121875000e-03,3.216080e-03,-3.497487e-03
2.122500000e-03,-1.125628e-02,-3.497487e-03
2.123125000e-03,-4.422110e-03,-3.497487e-03
2.123750000e-03,9.246230e-03,-3.497487e-03
2.124375000e-03,1.608040e-03,-3.497487e-03
2.125000000e-03,-1.246231e-02,-3.497487e-03
2.125625000e-03,-1.608040e-03,-3.497487e-03
2.126250000e-03,1.045226e-02,-3.497487e-03
2.126875000e-03,-2.412060e-03,-3.497487e-03
2.127500000e-03,-1.246231e-02,-3.497487e-03
2.128125000e-03,1.608040e-03,-3.497487e-03
2.128750000e-03,9.648240e-03,-3.497487e-03
2.129375000e-03,-5.226130e-03,-3.497487e-03
2.130000000e-03,-1.125628e-02,-3.497487e-03
2.130625000e-03,5.628140e-03,-3.497487e-03
2.131250000e-03,6.834170e-03,-3.497487e-03
2.131875000e-03,-6.834170e-03,-3.497487e-03
2.132500000e-03,-1.005025e-02,-3.497487e-03
2.133125000e-03,7.638190e-03,-3.497487e-03
2.133750000e-03,5.226130e-03,-3.497487e-03
2.134375000e-03,-1.125628e-02,-3.497487e-03
2.135000000e-03,-7.236180e-03,-3.497487e-03
2.135625000e-03,1.005025e-02,-3.497487e-03
2.136250000e-03,2.814070e-03,-3.497487e-03
2.136875000e-03,-1.165829e-02,-3.497487e-03
2.137500000e-03,-4.422110e-03,-3.497487e-03
2.138125000e-03,9.648240e-03,-3.497487e-03
2.138750000e-03,0.000000e+00,-3.497487e-03
2.139375000e-03,-1.085427e-02,-3.497487e-03
2.140000000e-03,-1.206030e-03,-3.497487e-03
2.140625000e-03,1.005025e-02,-3.497487e-03
2.141250000e-03,-2.412060e-03,-3.497487e-03
2.141875000e-03,-1.246231e-02,-3.497487e-03
2.142500000e-03,2.412060e-03,-3.497487e-03
2.143125000e-03,9.246230e-03,-3.497487e-03
2.143750000e-03,-5.226130e-03,-3.497487e-03
2.144375000e-03,-1.165829e-02,-3.497487e-03
2.145000000e-03,4.824120e-03,-3.497487e-03
2.145625000e-03,8.040200e-03,-3.497487e-03
2.146250000e-03,-7.638190e-03,-3.497487e-03
2.146875000e-03,-8.442210e-03,-3.497487e-03
2.147500000e-03,7.236180e-03,-3.497487e-03
2.148125000e-03,4.824120e-03,-3.497487e-03
2.148750000e-03,-1.005025e-02,-3.497487e-03
2.149375000e-03,-7.236180e-03,-3.497487e-03
2.150000000e-03,1.005025e-02,-3.497487e-03
2.150625000e-03,2.412060e-03,-3.497487e-03
2.151250000e-03,-1.125628e-02,-3.497487e-03
2.151875000e-03,-4.422110e-03,-3.497487e-03
2.152500000e-03,9.648240e-03,-3.497487e-03
2.153125000e-03,0.000000e+00,-3.497487e-03
2.153750000e-03,-1.286432e-02,-3.497487e-03
2.154375000e-03,0.000000e+00,-3.497487e-03
2.155000000e-03,8.844220e-03,-3.497487e-03
2.155625000e-03,-3.618090e-03,-3.497487e-03
2.156250000e-03,-1.206030e-02,-3.497487e-03
2.156875000e-03,2.010050e-03,-3.497487e-03
2.157500000e-03,9.648240e-03,-3.497487e-03
2.158125000e-03,-5.628140e-03,-3.497487e-03
2.158750000e-03,-1.085427e-02,-3.497487e-03
2.159375000e-03,4.824120e-03,-3.497487e-03
2.160000000e-03,6.834170e-03,-3.497487e-03
2.160625000e-03,-6.834170e-03,-3.497487e-03
2.161250000e-03,-9.246230e-03,-3.497487e-03
2.161875000e-03,7.638190e-03,-3.497487e-03
2.162500000e-03,4.020100e-03,-3.497487e-03
2.163125000e-03,-1.045226e-02,-3.497487e-03
2.163750000e-03,-5.628140e-03,-3.497487e-03
2.164375000e-03,9.246230e-03,-3.497487e-03
2.165000000e-03,2.814070e-03,-3.497487e-03
2.165625000e-03,-1.206030e-02,-3.497487e-03
2.166250000e-03,-3.618090e-03,-3.497487e-03
2.166875000e-03,1.005025e-02,-3.497487e-03
2.167500000e-03,0.000000e+00,-3.497487e-03
2.168125000e-03,-1.085427e-02,-3.497487e-03
2.168750000e-03,0.000000e+00,-3.497487e-03
2.169375000e-03,1.005025e-02,-3.497487e-03
2.170000000e-03,-4.020100e-03,-3.497487e-03
2.170625000e-03,-1.206030e-02,-3.497487e-03
2.171250000e-03,4.020100e-03,-3.497487e-03
2.171875000e-03,8.040200e-03,-3.497487e-03
2.172500000e-03,-5.628140e-03,-3.497487e-03
2.173125000e-03,-1.125628e-02,-3.497487e-03
2.173750000e-03,6.030150e-03,-3.497487e-03
2.174375000e-03,7.236180e-03,-3.497487e-03
2.175000000e-03,-8.844220e-03,-3.497487e-03
2.175625000e-03,-8.040200e-03,-3.497487e-03
2.176250000e-03,7.236180e-03,-3.497487e-03
2.176875000e-03,4.422110e-03,-3.497487e-03
2.177500000e-03,-1.085427e-02,-3.497487e-03
2.178125000e-03,-6.030150e-03,-3.497487e-03
2.178750000e-03,9.648240e-03,-3.497487e-03
2.179375000e-03,8.040200e-04,-3.497487e-03
2.180000000e-03,-1.125628e-02,-3.497487e-03
2.180625000e-03,-2.412060e-03,-3.497487e-03
2.181250000e-03,9.246230e-03,-3.497487e-03
2.181875000e-03,-4.020100e-04,-3.497487e-03
2.182500000e-03,-1.206030e-02,-3.497487e-03
2.183125000e-03,8.040200e-04,-3.497487e-03
2.183750000e-03,8.844220e-03,-3.497487e-03
2.184375000e-03,-3.618090e-03,-3.497487e-03
2.185000000e-03,-1.206030e-02,-3.497487e-03
2.185625000e-03,3.618090e-03,-3.497487e-03
2.186250000e-03,9.648240e-03,-3.497487e-03
2.186875000e-03,-6.834170e-03,-3.497487e-03
2.187500000e-03,-1.005025e-02,-3.497487e-03
2.188125000e-03,6.432160e-03,-3.497487e-03
2.188750000e-03,6.432160e-03,-3.497487e-03
2.189375000e-03,-7.638190e-03,-3.497487e-03
2.190000000e-03,-8.040200e-03,-3.497487e-03
2.190625000e-03,8.442210e-03,-3.497487e-03
2.191250000e-03,2.814070e-03,-3.497487e-03
2.191875000e-03,-1.085427e-02,-3.497487e-03
2.192500000e-03,-5.628140e-03,-3.497487e-03
2.193125000e-03,9.648240e-03,-3.497487e-03
2.193750000e-03,2.010050e-03,-3.497487e-03
2.194375000e-03,-1.246231e-02,-3.497487e-03
2.195000000e-03,-2.814070e-03,-3.497487e-03
2.195625000e-03,9.648240e-03,-3.497487e-03
2.196250000e-03,-1.206030e-03,-3.497487e-03
2.196875000e-03,-1.125628e-02,-3.497487e-03
2.197500000e-03,4.020100e-04,-3.497487e-03
2.198125000e-03,8.844220e-03,-3.497487e-03
2.198750000e-03,-5.226130e-03,-3.497487e-03
2.199375000e-03,-1.125628e-02,-3.497487e-03
2.200000000e-03,4.824120e-03,-3.497487e-03
2.200625000e-03,8.040200e-03,-3.497487e-03
2.201250000e-03,-6.030150e-03,-3.497487e-03
2.201875000e-03,-1.125628e-02,-3.497487e-03
2.202500000e-03,6.834170e-03,-3.497487e-03
2.203125000e-03,6.030150e-03,-3.497487e-03
2.203750000e-03,-9.246230e-03,-3.497487e-03
2.204375000e-03,-8.040200e-03,-3.497487e-03
2.205000000e-03,8.040200e-03,-3.497487e-03
2.205625000e-03,3.618090e-03,-3.497487e-03
2.206250000e-03,-1.165829e-02,-3.497487e-03
2.206875000e-03,-4.422110e-03,-3.497487e-03
2.207500000e-03,1.085427e-02,-3.497487e-03
2.208125000e-03,4.020100e-04,-3.497487e-03
2.208750000e-03,-1.206030e-02,-3.497487e-03
2.209375000e-03,-2.814070e-03,-3.497487e-03
2.210000000e-03,1.005025e-02,-3.497487e-03
2.210625000e-03,-1.206030e-03,-3.497487e-03
2.211250000e-03,-1.206030e-02,-3.497487e-03
2.211875000e-03,2.010050e-03,-3.497487e-03
2.212500000e-03,8.040200e-03,-3.497487e-03
2.213125000e-03,-4.422110e-03,-3.497487e-03
2.213750000e-03,-1.206030e-02,-3.497487e-03
2.214375000e-03,4.824120e-03,-3.497487e-03
2.215000000e-03,8.040200e-03,-3.497487e-03
2.215625000e-03,-7.638190e-03,-3.497487e-03
2.216250000e-03,-1.005025e-02,-3.497487e-03
2.216875000e-03,6.432160e-03,-3.497487e-03
2.217500000e-03,6.030150e-03,-3.497487e-03
2.218125000e-03,-8.844220e-03,-3.497487e-03
2.218750000e-03,-7.236180e-03,-3.497487e-03
2.219375000e-03,8.442210e-03,-3.497487e-03
2.220000000e-03,2.412060e-03,-3.497487e-03
2.220625000e-03,-1.085427e-02,-3.497487e-03
2.221250000e-03,-4.020100e-03,-3.497487e-03
2.221875000e-03,9.648240e-03,-3.497487e-03
2.222500000e-03,1.206030e-03,-3.497487e-03
2.223125000e-03,-1.286432e-02,-3.497487e-03
2.223750000e-03,-1.206030e-03,-3.497487e-03
2.224375000e-03,1.005025e-02,-3.497487e-03
2.225000000e-03,-1.206030e-03,-3.497487e-03
2.225625000e-03,-1.165829e-02,-3.497487e-03
2.226250000e-03,8.040200e-04,-3.497487e-03
2.226875000e-03,9.246230e-03,-3.497487e-03
2.227500000e-03,-5.628140e-03,-3.497487e-03
2.228125000e-03,-1.085427e-02,-3.497487e-03
2.228750000e-03,4.422110e-03,-3.497487e-03
2.229375000e-03,7.638190e-03,-3.497487e-03
2.230000000e-03,-6.834170e-03,-3.497487e-03
2.230625000e-03,-1.045226e-02,-3.497487e-03
2.231250000e-03,7.236180e-03,-3.497487e-03
2.231875000e-03,5.226130e-03,-3.497487e-03
2.232500000e-03,-9.246230e-03,-3.497487e-03
2.233125000e-03,-6.432160e-03,-3.497487e-03
2.233750000e-03,8.040200e-03,-3.497487e-03
2.234375000e-03,2.412060e-03,-3.497487e-03
2.235000000e-03,-1.125628e-02,-3.497487e-03
2.235625000e-03,-3.216080e-03,-3.497487e-03
2.236250000e-03,9.648240e-03,-3.497487e-03
2.236875000e-03,0.000000e+00,-3.497487e-03
2.237500000e-03,-1.165829e-02,-3.497487e-03
2.238125000e-03,-1.206030e-03,-3.497487e-03
2.238750000e-03,9.648240e-03,-3.497487e-03
2.239375000e-03,-2.412060e-03,-3.497487e-03
2.240000000e-03,-1.165829e-02,-3.497487e-03
2.240625000e-03,2.010050e-03,-3.497487e-03
2.241250000e-03,8.040200e-03,-3.497487e-03
2.241875000e-03,-4.422110e-03,-3.497487e-03
2.242500000e-03,-1.165829e-02,-3.497487e-03
2.243125000e-03,5.628140e-03,-3.497487e-03
2.243750000e-03,7.638190e-03,-3.497487e-03
2.244375000e-03,-7.638190e-03,-3.497487e-03
2.245000000e-03,-9.246230e-03,-3.497487e-03
2.245625000e-03,6.834170e-03,-3.497487e-03
2.246250000e-03,5.226130e-03,-3.497487e-03
2.246875000e-03,-9.648240e-03,-3.497487e-03
2.247500000e-03,-6.432160e-03,-3.497487e-03
2.248125000e-03,8.844220e-03,-3.497487e-03
2.248750000e-03,1.206030e-03,-3.497487e-03
2.249375000e-03,-1.085427e-02,-3.497487e-03
2.250000000e-03,-2.814070e-03,-3.497487e-03
2.250625000e-03,9.648240e-03,-3.497487e-03
2.251250000e-03,0.000000e+00,-3.497487e-03
2.251875000e-03,-1.165829e-02,-3.497487e-03
2.252500000e-03,-8.040200e-04,-3.497487e-03
2.253125000e-03,8.844220e-03,-3.497487e-03
2.253750000e-03,-1.608040e-03,-3.497487e-03
2.254375000e-03,-1.085427e-02,-3.497487e-03
2.255000000e-03,2.010050e-03,-3.497487e-03
2.255625000e-03,7.638190e-03,-3.497487e-03
2.256250000e-03,-6.030150e-03,-3.497487e-03
2.256875000e-03,-1.005025e-02,-3.497487e-03
2.257500000e-03,5.628140e-03,-3.497487e-03
2.258125000e-03,7.236180e-03,-3.497487e-03
2.258750000e-03,-7.638190e-03,-3.497487e-03
2.259375000e-03,-9.246230e-03,-3.497487e-03
2.260000000e-03,7.638190e-03,-3.497487e-03
2.260625000e-03,4.020100e-03,-3.497487e-03
2.261250000e-03,-9.246230e-03,-3.497487e-03
2.261875000e-03,-5.628140e-03,-3.497487e-03
2.262500000e-03,7.638190e-03,-3.497487e-03
2.263125000e-03,1.608040e-03,-3.497487e-03
2.263750000e-03,-1.206030e-02,-3.497487e-03
2.264375000e-03,-2.412060e-03,-3.497487e-03
2.265000000e-03,9.648240e-03,-3.497487e-03
2.265625000e-03,0.000000e+00,-3.497487e-03
2.266250000e-03,-1.165829e-02,-3.497487e-03
2.266875000e-03,0.000000e+00,-3.497487e-03
2.267500000e-03,1.005025e-02,-3.497487e-03
2.268125000e-03,-3.216080e-03,-3.497487e-03
2.268750000e-03,-1.085427e-02,-3.497487e-03
2.269375000e-03,2.814070e-03,-3.497487e-03
2.270000000e-03,7.236180e-03,-3.497487e-03
2.270625000e-03,-5.226130e-03,-3.497487e-03
2.271250000e-03,-9.648240e-03,-3.497487e-03
2.271875000e-03,6.834170e-03,-3.497487e-03
2.272500000e-03,6.834170e-03,-3.497487e-03
2.273125000e-03,-8.040200e-03,-3.497487e-03
2.273750000e-03,-8.442210e-03,-3.497487e-03
2.274375000e-03,6.432160e-03,-3.497487e-03
2.275000000e-03,5.226130e-03,-3.497487e-03
2.275625000e-03,-1.045226e-02,-3.497487e-03
2.276250000e-03,-6.030150e-03,-3.497487e-03
2.276875000e-03,8.442210e-03,-3.497487e-03
2.277500000e-03,2.010050e-03,-3.497487e-03
2.278125000e-03,-1.005025e-02,-3.497487e-03
2.278750000e-03,-3.216080e-03,-3.497487e-03
2.279375000e-03,1.005025e-02,-3.497487e-03
2.280000000e-03,-4.020100e-04,-3.497487e-03
2.280625000e-03,-1.165829e-02,-3.497487e-03
2.281250000e-03,0.000000e+00,-3.497487e-03
2.281875000e-03,8.844220e-03,-3.497487e-03
2.282500000e-03,-2.412060e-03,-3.497487e-03
2.283125000e-03,-1.165829e-02,-3.497487e-03
2.283750000e-03,2.412060e-03,-3.497487e-03
2.284375000e-03,8.040200e-03,-3.497487e-03
2.285000000e-03,-6.834170e-03,-3.497487e-03
2.285625000e-03,-9.648240e-03,-3.497487e-03
2.286250000e-03,5.628140e-03,-3.497487e-03
2.286875000e-03,6.432160e-03,-3.497487e-03
2.287500000e-03,-8.442210e-03,-3.497487e-03
2.288125000e-03,-9.246230e-03,-3.497487e-03
2.288750000e-03,8.040200e-03,-3.497487e-03
2.289375000e-03,3.216080e-03,-3.497487e-03
2.290000000e-03,-8.844220e-03,-3.497487e-03
2.290625000e-03,-5.628140e-03,-3.497487e-03
2.291250000e-03,9.246230e-03,-3.497487e-03
2.291875000e-03,8.040200e-04,-3.497487e-03
2.292500000e-03,-1.165829e-02,-3.497487e-03
2.293125000e-03,-1.206030e-03,-3.497487e-03
2.293750000e-03,8.844220e-03,-3.497487e-03
2.294375000e-03,-1.206030e-03,-3.497487e-03
2.295000000e-03,-1.246231e-02,-3.497487e-03
2.295625000e-03,0.000000e+00,-3.497487e-03
2.296250000e-03,9.648240e-03,-3.497487e-03
2.296875000e-03,-3.618090e-03,-3.497487e-03
2.297500000e-03,-1.045226e-02,-3.497487e-03
2.298125000e-03,2.814070e-03,-3.497487e-03
2.298750000e-03,7.236180e-03,-3.497487e-03
2.299375000e-03,-6.432160e-03,-3.497487e-03
2.300000000e-03,-9.648240e-03,-3.497487e-03
2.300625000e-03,6.432160e-03,-3.497487e-03
2.301250000e-03,5.226130e-03,-3.497487e-03
2.301875000e-03,-8.442210e-03,-3.497487e-03
2.302500000e-03,-8.040200e-03,-3.497487e-03
2.303125000e-03,8.040200e-03,-3.497487e-03
2.303750000e-03,4.422110e-03,-3.497487e-03
2.304375000e-03,-1.085427e-02,-3.497487e-03
2.305000000e-03,-5.226130e-03,-3.497487e-03
2.305625000e-03,9.246230e-03,-3.497487e-03
2.306250000e-03,0.000000e+00,-3.497487e-03
2.306875000e-03,-1.125628e-02,-3.497487e-03
2.307500000e-03,-2.010050e-03,-3.497487e-03
2.308125000e-03,9.648240e-03,-3.497487e-03
2.308750000e-03,-2.010050e-03,-3.497487e-03
2.309375000e-03,-1.165829e-02,-3.497487e-03
2.310000000e-03,1.608040e-03,-3.497487e-03
2.310625000e-03,9.246230e-03,-3.497487e-03
2.311250000e-03,-2.814070e-03,-3.497487e-03
2.311875000e-03,-1.165829e-02,-3.497487e-03
2.312500000e-03,4.020100e-03,-3.497487e-03
2.313125000e-03,6.432160e-03,-3.497487e-03
2.313750000e-03,-6.432160e-03,-3.497487e-03
2.314375000e-03,-8.844220e-03,-3.497487e-03
2.315000000e-03,6.432160e-03,-3.497487e-03
2.315625000e-03,6.030150e-03,-3.497487e-03
2.316250000e-03,-9.648240e-03,-3.497487e-03
2.316875000e-03,-7.236180e-03,-3.497487e-03
2.317500000e-03,8.442210e-03,-3.497487e-03
2.318125000e-03,2.814070e-03,-3.497487e-03
2.318750000e-03,-1.045226e-02,-3.497487e-03
2.319375000e-03,-5.226130e-03,-3.497487e-03
2.320000000e-03,8.844220e-03,-3.497487e-03
2.320625000e-03,0.000000e+00,-3.497487e-03
2.321250000e-03,-1.085427e-02,-3.497487e-03
2.321875000e-03,-4.020100e-04,-3.497487e-03
2.322500000e-03,8.844220e-03,-3.497487e-03
2.323125000e-03,-2.412060e-03,-3.497487e-03
2.323750000e-03,-1.125628e-02,-3.497487e-03
2.324375000e-03,1.608040e-03,-3.497487e-03
2.325000000e-03,9.246230e-03,-3.497487e-03
2.325625000e-03,-4.824120e-03,-3.497487e-03
2.326250000e-03,-1.085427e-02,-3.497487e-03
2.326875000e-03,3.216080e-03,-3.497487e-03
2.327500000e-03,7.236180e-03,-3.497487e-03
2.328125000e-03,-7.638190e-03,-3.497487e-03
2.328750000e-03,-8.844220e-03,-3.497487e-03
2.329375000e-03,7.638190e-03,-3.497487e-03
2.330000000e-03,4.422110e-03,-3.497487e-03
2.330625000e-03,-9.246230e-03,-3.497487e-03
2.331250000e-03,-7.236180e-03,-3.497487e-03
2.331875000e-03,8.040200e-03,-3.497487e-03
2.332500000e-03,3.216080e-03,-3.497487e-03
2.333125000e-03,-1.045226e-02,-3.497487e-03
2.333750000e-03,-3.618090e-03,-3.497487e-03
2.334375000e-03,9.246230e-03,-3.497487e-03
2.335000000e-03,0.000000e+00,-3.497487e-03
2.335625000e-03,-1.165829e-02,-3.497487e-03
2.336250000e-03,-1.206030e-03,-3.497487e-03
2.336875000e-03,1.005025e-02,-3.497487e-03
2.337500000e-03,-2.814070e-03,-3.497487e-03
2.338125000e-03,-1.085427e-02,-3.497487e-03
2.338750000e-03,2.010050e-03,-3.497487e-03
2.339375000e-03,8.040200e-03,-3.497487e-03
2.340000000e-03,-4.422110e-03,-3.497487e-03
2.340625000e-03,-1.085427e-02,-3.497487e-03
2.341250000e-03,4.422110e-03,-3.497487e-03
2.341875000e-03,6.030150e-03,-3.497487e-03
2.342500000e-03,-7.236180e-03,-3.497487e-03
2.343125000e-03,-8.040200e-03,-3.497487e-03
2.343750000e-03,7.236180e-03,-3.497487e-03
2.344375000e-03,4.824120e-03,-3.497487e-03
2.345000000e-03,-9.648240e-03,-3.497487e-03
2.345625000e-03,-6.030150e-03,-3.497487e-03
2.346250000e-03,8.040200e-03,-3.497487e-03
2.346875000e-03,2.412060e-03,-3.497487e-03
2.347500000e-03,-9.648240e-03,-3.497487e-03
2.348125000e-03,-4.020100e-03,-3.497487e-03
2.348750000e-03,8.844220e-03,-3.497487e-03
2.349375000e-03,-1.206030e-03,-3.497487e-03
2.350000000e-03,-1.085427e-02,-3.497487e-03
2.350625000e-03,0.000000e+00,-3.497487e-03
2.351250000e-03,8.040200e-03,-3.497487e-03
2.351875000e-03,-2.412060e-03,-3.497487e-03
2.352500000e-03,-1.125628e-02,-3.497487e-03
2.353125000e-03,2.412060e-03,-3.497487e-03
2.353750000e-03,8.442210e-03,-3.497487e-03
2.354375000e-03,-4.422110e-03,-3.497487e-03
2.355000000e-03,-1.005025e-02,-3.497487e-03
2.355625000e-03,4.020100e-03,-3.497487e-03
2.356250000e-03,6.030150e-03,-3.497487e-03
2.356875000e-03,-7.638190e-03,-3.497487e-03
2.357500000e-03,-8.040200e-03,-3.497487e-03
2.358125000e-03,8.040200e-03,-3.497487e-03
2.358750000e-03,3.618090e-03,-3.497487e-03
2.359375000e-03,-9.648240e-03,-3.497487e-03
2.360000000e-03,-6.432160e-03,-3.497487e-03
2.360625000e-03,8.844220e-03,-3.497487e-03
2.361250000e-03,1.608040e-03,-3.497487e-03
2.361875000e-03,-1.045226e-02,-3.497487e-03
2.362500000e-03,-2.814070e-03,-3.497487e-03
2.363125000e-03,8.442210e-03,-3.497487e-03
2.363750000e-03,0.000000e+00,-3.497487e-03
2.364375000e-03,-1.165829e-02,-3.497487e-03
2.365000000e-03,0.000000e+00,-3.497487e-03
2.365625000e-03,9.246230e-03,-3.497487e-03
2.366250000e-03,-3.618090e-03,-3.497487e-03
2.366875000e-03,-1.085427e-02,-3.497487e-03
2.367500000e-03,2.010050e-03,-3.497487e-03
2.368125000e-03,8.442210e-03,-3.497487e-03
2.368750000e-03,-5.226130e-03,-3.497487e-03
2.369375000e-03,-1.045226e-02,-3.497487e-03
2.370000000e-03,4.824120e-03,-3.497487e-03
2.370625000e-03,6.030150e-03,-3.497487e-03
2.371250000e-03,-7.236180e-03,-3.497487e-03
2.371875000e-03,-8.442210e-03,-3.497487e-03
2.372500000e-03,7.638190e-03,-3.497487e-03
2.373125000e-03,4.422110e-03,-3.497487e-03
2.373750000e-03,-1.045226e-02,-3.497487e-03
2.374375000e-03,-5.628140e-03,-3.497487e-03
2.375000000e-03,8.442210e-03,-3.497487e-03
2.375625000e-03,1.608040e-03,-3.497487e-03
2.376250000e-03,-1.085427e-02,-3.497487e-03
2.376875000e-03,-2.814070e-03,-3.497487e-03
2.377500000e-03,8.844220e-03,-3.497487e-03
2.378125000e-03,-2.010050e-03,-3.497487e-03
2.378750000e-03,-1.045226e-02,-3.497487e-03
2.379375000e-03,8.040200e-04,-3.497487e-03
2.380000000e-03,8.844220e-03,-3.497487e-03
2.380625000e-03,-4.020100e-03,-3.497487e-03
2.381250000e-03,-1.165829e-02,-3.497487e-03
2.381875000e-03,3.216080e-03,-3.497487e-03
2.382500000e-03,7.638190e-03,-3.497487e-03
2.383125000e-03,-5.226130e-03,-3.497487e-03
2.383750000e-03,-8.844220e-03,-3.497487e-03
2.384375000e-03,4.422110e-03,-3.497487e-03
2.385000000e-03,5.628140e-03,-3.497487e-03
2.385625000e-03,-8.442210e-03,-3.497487e-03
2.386250000e-03,-6.432160e-03,-3.497487e-03
2.386875000e-03,7.638190e-03,-3.497487e-03
2.387500000e-03,3.216080e-03,-3.497487e-03
2.388125000e-03,-1.005025e-02,-3.497487e-03
2.388750000e-03,-5.226130e-03,-3.497487e-03
2.389375000e-03,9.648240e-03,-3.497487e-03
2.390000000e-03,1.206030e-03,-3.497487e-03
2.390625000e-03,-1.005025e-02,-3.497487e-03
2.391250000e-03,-2.010050e-03,-3.497487e-03
2.391875000e-03,8.040200e-03,-3.497487e-03
2.392500000e-03,-1.206030e-03,-3.497487e-03
2.393125000e-03,-1.085427e-02,-3.497487e-03
2.393750000e-03,1.206030e-03,-3.497487e-03
2.394375000e-03,8.844220e-03,-3.497487e-03
2.395000000e-03,-5.226130e-03,-3.497487e-03
2.395625000e-03,-1.125628e-02,-3.497487e-03
2.396250000e-03,2.814070e-03,-3.497487e-03
2.396875000e-03,8.040200e-03,-3.497487e-03
2.397500000e-03,-5.628140e-03,-3.497487e-03
2.398125000e-03,-9.246230e-03,-3.497487e-03
2.398750000e-03,5.628140e-03,-3.497487e-03
2.399375000e-03,4.824120e-03,-3.497487e-03
2.400000000e-03,-7.236180e-03,-3.497487e-03
2.400625000e-03,-8.040200e-03,-3.497487e-03
2.401250000e-03,8.442210e-03,-3.497487e-03
2.401875000e-03,2.814070e-03,-3.497487e-03
2.402500000e-03,-1.085427e-02,-3.497487e-03
2.403125000e-03,-4.020100e-03,-3.497487e-03
2.403750000e-03,8.844220e-03,-3.497487e-03
2.404375000e-03,1.608040e-03,-3.497487e-03
2.405000000e-03,-1.125628e-02,-3.497487e-03
2.405625000e-03,-2.010050e-03,-3.497487e-03
2.406250000e-03,8.442210e-03,-3.497487e-03
2.406875000e-03,-2.010050e-03,-3.497487e-03
2.407500000e-03,-1.045226e-02,-3.497487e-03
2.408125000e-03,1.206030e-03,-3.497487e-03
2.408750000e-03,8.844220e-03,-3.497487e-03
2.409375000e-03,-4.422110e-03,-3.497487e-03
2.410000000e-03,-1.125628e-02,-3.497487e-03
2.410625000e-03,4.020100e-03,-3.497487e-03
2.411250000e-03,6.834170e-03,-3.497487e-03
2.411875000e-03,-5.628140e-03,-3.497487e-03
2.412500000e-03,-9.246230e-03,-3.497487e-03
2.413125000e-03,5.628140e-03,-3.497487e-03
2.413750000e-03,5.226130e-03,-3.497487e-03
2.414375000e-03,-9.246230e-03,-3.497487e-03
2.415000000e-03,-6.432160e-03,-3.497487e-03
2.415625000e-03,8.442210e-03,-3.497487e-03
2.416250000e-03,3.216080e-03,-3.497487e-03
2.416875000e-03,-1.045226e-02,-3.497487e-03
2.417500000e-03,-4.824120e-03,-3.497487e-03
2.418125000e-03,9.246230e-03,-3.497487e-03
2.418750000e-03,0.000000e+00,-3.497487e-03
2.419375000e-03,-1.045226e-02,-3.497487e-03
2.420000000e-03,-8.040200e-04,-3.497487e-03
2.420625000e-03,8.040200e-03,-3.497487e-03
2.421250000e-03,-2.010050e-03,-3.497487e-03
2.421875000e-03,-1.165829e-02,-3.497487e-03
2.422500000e-03,2.814070e-03,-3.497487e-03
2.423125000e-03,7.638190e-03,-3.497487e-03
2.423750000e-03,-5.226130e-03,-3.497487e-03
2.424375000e-03,-1.005025e-02,-3.497487e-03
2.425000000e-03,3.618090e-03,-3.497487e-03
2.425625000e-03,7.638190e-03,-3.497487e-03
2.426250000e-03,-6.834170e-03,-3.497487e-03
2.426875000e-03,-8.442210e-03,-3.497487e-03
2.427500000e-03,5.628140e-03,-3.497487e-03
2.428125000e-03,4.824120e-03,-3.497487e-03
2.428750000e-03,-8.442210e-03,-3.497487e-03
2.429375000e-03,-7.236180e-03,-3.497487e-03
2.430000000e-03,8.844220e-03,-3.497487e-03
2.430625000e-03,2.814070e-03,-3.497487e-03
2.431250000e-03,-1.045226e-02,-3.497487e-03
2.431875000e-03,-2.814070e-03,-3.497487e-03
2.432500000e-03,8.844220e-03,-3.497487e-03
2.433125000e-03,8.040200e-04,-3.497487e-03
2.433750000e-03,-1.085427e-02,-3.497487e-03
2.434375000e-03,-8.040200e-04,-3.497487e-03
2.435000000e-03,7.638190e-03,-3.497487e-03
2.435625000e-03,-2.814070e-03,-3.497487e-03
2.436250000e-03,-1.005025e-02,-3.497487e-03
2.436875000e-03,1.608040e-03,-3.497487e-03
2.437500000e-03,8.844220e-03,-3.497487e-03
2.438125000e-03,-4.824120e-03,-3.497487e-03
2.438750000e-03,-1.085427e-02,-3.497487e-03
2.439375000e-03,4.824120e-03,-3.497487e-03
2.440000000e-03,6.030150e-03,-3.497487e-03
2.440625000e-03,-6.432160e-03,-3.497487e-03
2.441250000e-03,-8.442210e-03,-3.497487e-03
2.441875000e-03,6.432160e-03,-3.497487e-03
2.442500000e-03,4.020100e-03,-3.497487e-03
2.443125000e-03,-9.648240e-03,-3.497487e-03
2.443750000e-03,-5.628140e-03,-3.497487e-03
2.444375000e-03,7.638190e-03,-3.497487e-03
2.445000000e-03,2.814070e-03,-3.497487e-03
2.445625000e-03,-1.045226e-02,-3.497487e-03
2.446250000e-03,-4.422110e-03,-3.497487e-03
2.446875000e-03,9.246230e-03,-3.497487e-03
2.447500000e-03,-4.020100e-04,-3.497487e-03
2.448125000e-03,-1.005025e-02,-3.497487e-03
2.448750000e-03,-8.040200e-04,-3.497487e-03
2.449375000e-03,8.040200e-03,-3.497487e-03
2.450000000e-03,-2.814070e-03,-3.497487e-03
2.450625000e-03,-1.125628e-02,-3.497487e-03
2.451250000e-03,3.216080e-03,-3.497487e-03
2.451875000e-03,7.638190e-03,-3.497487e-03
2.452500000e-03,-5.226130e-03,-3.497487e-03
2.453125000e-03,-1.085427e-02,-3.497487e-03
2.453750000e-03,4.422110e-03,-3.497487e-03
2.454375000e-03,6.834170e-03,-3.497487e-03
2.455000000e-03,-7.236180e-03,-3.497487e-03
2.455625000e-03,-7.638190e-03,-3.497487e-03
2.456250000e-03,6.432160e-03,-3.497487e-03
2.456875000e-03,3.618090e-03,-3.497487e-03
2.457500000e-03,-9.246230e-03,-3.497487e-03
2.458125000e-03,-5.628140e-03,-3.497487e-03
2.458750000e-03,9.246230e-03,-3.497487e-03
2.459375000e-03,1.608040e-03,-3.497487e-03
2.460000000e-03,-1.085427e-02,-3.497487e-03
2.460625000e-03,-3.618090e-03,-3.497487e-03
2.461250000e-03,8.442210e-03,-3.497487e-03
2.461875000e-03,4.020100e-04,-3.497487e-03
2.462500000e-03,-1.165829e-02,-3.497487e-03
2.463125000e-03,0.000000e+00,-3.497487e-03
2.463750000e-03,7.638190e-03,-3.497487e-03
2.464375000e-03,-3.618090e-03,-3.497487e-03
2.465000000e-03,-1.045226e-02,-3.497487e-03
2.465625000e-03,2.814070e-03,-3.497487e-03
2.466250000e-03,8.040200e-03,-3.497487e-03
2.466875000e-03,-6.030150e-03,-3.497487e-03
2.467500000e-03,-1.005025e-02,-3.497487e-03
2.468125000e-03,5.226130e-03,-3.497487e-03
2.468750000e-03,6.030150e-03,-3.497487e-03
2.469375000e-03,-6.834170e-03,-3.497487e-03
2.470000000e-03,-8.040200e-03,-3.497487e-03
2.470625000e-03,6.432160e-03,-3.497487e-03
2.471250000e-03,2.814070e-03,-3.497487e-03
2.471875000e-03,-9.246230e-03,-3.497487e-03
2.472500000e-03,-4.422110e-03,-3.497487e-03
2.473125000e-03,8.442210e-03,-3.497487e-03
2.473750000e-03,2.010050e-03,-3.497487e-03
2.474375000e-03,-1.165829e-02,-3.497487e-03
2.475000000e-03,-3.216080e-03,-3.497487e-03
2.475625000e-03,8.844220e-03,-3.497487e-03
2.476250000e-03,-8.040200e-04,-3.497487e-03
2.476875000e-03,-1.005025e-02,-3.497487e-03
2.477500000e-03,-4.020100e-04,-3.497487e-03
2.478125000e-03,7.638190e-03,-3.497487e-03
2.478750000e-03,-4.020100e-03,-3.497487e-03
2.479375000e-03,-9.648240e-03,-3.497487e-03
2.480000000e-03,4.020100e-03,-3.497487e-03
2.480625000e-03,6.834170e-03,-3.497487e-03
2.481250000e-03,-5.628140e-03,-3.497487e-03
2.481875000e-03,-1.005025e-02,-3.497487e-03
2.482500000e-03,5.628140e-03,-3.497487e-03
2.483125000e-03,6.030150e-03,-3.497487e-03
2.483750000e-03,-8.040200e-03,-3.497487e-03
2.484375000e-03,-6.432160e-03,-3.497487e-03
2.485000000e-03,6.834170e-03,-3.497487e-03
2.485625000e-03,3.216080e-03,-3.497487e-03
2.486250000e-03,-8.844220e-03,-3.497487e-03
2.486875000e-03,-4.422110e-03,-3.497487e-03
2.487500000e-03,8.442210e-03,-3.497487e-03
2.488125000e-03,4.020100e-04,-3.497487e-03
2.488750000e-03,-1.005025e-02,-3.497487e-03
2.489375000e-03,-2.814070e-03,-3.497487e-03
2.490000000e-03,8.844220e-03,-3.497487e-03
2.490625000e-03,-4.020100e-04,-3.497487e-03
2.491250000e-03,-1.085427e-02,-3.497487e-03
2.491875000e-03,4.020100e-04,-3.497487e-03
2.492500000e-03,7.638190e-03,-3.497487e-03
2.493125000e-03,-4.020100e-03,-3.497487e-03
2.493750000e-03,-1.045226e-02,-3.497487e-03
2.494375000e-03,4.020100e-03,-3.497487e-03
2.495000000e-03,7.638190e-03,-3.497487e-03
2.495625000e-03,-7.236180e-03,-3.497487e-03
2.496250000e-03,-8.844220e-03,-3.497487e-03
2.496875000e-03,5.628140e-03,-3.497487e-03
2.497500000e-03,5.226130e-03,-3.497487e-03
2.498125000e-03,-6.834170e-03,-3.497487e-03
2.498750000e-03,-7.236180e-03,-3.497487e-03
2.499375000e-03,7.236180e-03,-3.497487e-03
2.500000000e-03,1.608040e-03,-3.497487e-03
2.500625000e-03,-8.844220e-03,-3.497487e-03
2.501250000e-03,-4.020100e-03,-3.497487e-03
2.501875000e-03,8.040200e-03,-3.497487e-03
2.502500000e-03,8.040200e-04,-3.497487e-03
2.503125000e-03,-1.165829e-02,-3.497487e-03
2.503750000e-03,-1.608040e-03,-3.497487e-03
2.504375000e-03,8.844220e-03,-3.497487e-03
2.505000000e-03,-4.020100e-04,-3.497487e-03
2.505625000e-03,-1.045226e-02,-3.497487e-03
2.506250000e-03,0.000000e+00,-3.497487e-03
2.506875000e-03,8.040200e-03,-3.497487e-03
2.507500000e-03,-4.824120e-03,-3.497487e-03
2.508125000e-03,-9.648240e-03,-3.497487e-03
2.508750000e-03,4.422110e-03,-3.497487e-03
2.509375000e-03,6.432160e-03,-3.497487e-03
2.510000000e-03,-6.834170e-03,-3.497487e-03
2.510625000e-03,-9.648240e-03,-3.497487e-03
2.511250000e-03,5.628140e-03,-3.497487e-03
2.511875000e-03,5.226130e-03,-3.497487e-03
2.512500000e-03,-7.638190e-03,-3.497487e-03
2.513125000e-03,-6.030150e-03,-3.497487e-03
2.513750000e-03,6.432160e-03,-3.497487e-03
2.514375000e-03,2.814070e-03,-3.497487e-03
2.515000000e-03,-1.005025e-02,-3.497487e-03
2.515625000e-03,-3.618090e-03,-3.497487e-03
2.516250000e-03,9.246230e-03,-3.497487e-03
2.516875000e-03,0.000000e+00,-3.497487e-03
2.517500000e-03,-1.085427e-02,-3.497487e-03
2.518125000e-03,-2.010050e-03,-3.497487e-03
2.518750000e-03,9.246230e-03,-3.497487e-03
2.519375000e-03,-1.206030e-03,-3.497487e-03
2.520000000e-03,-1.045226e-02,-3.497487e-03
2.520625000e-03,1.608040e-03,-3.497487e-03
2.521250000e-03,6.432160e-03,-3.497487e-03
2.521875000e-03,-3.618090e-03,-3.497487e-03
2.522500000e-03,-9.246230e-03,-3.497487e-03
2.523125000e-03,4.422110e-03,-3.497487e-03
2.523750000e-03,6.834170e-03,-3.497487e-03
2.524375000e-03,-8.040200e-03,-3.497487e-03
2.525000000e-03,-8.844220e-03,-3.497487e-03
2.525625000e-03,5.628140e-03,-3.497487e-03
2.526250000e-03,5.226130e-03,-3.497487e-03
2.526875000e-03,-7.638190e-03,-3.497487e-03
2.527500000e-03,-6.834170e-03,-3.497487e-03
2.528125000e-03,7.236180e-03,-3.497487e-03
2.528750000e-03,1.608040e-03,-3.497487e-03
2.529375000e-03,-9.246230e-03,-3.497487e-03
2.530000000e-03,-3.216080e-03,-3.497487e-03
2.530625000e-03,8.442210e-03,-3.497487e-03
2.531250000e-03,4.020100e-04,-3.497487e-03
2.531875000e-03,-1.125628e-02,-3.497487e-03
2.532500000e-03,-8.040200e-04,-3.497487e-03
2.533125000e-03,8.040200e-03,-3.497487e-03
2.533750000e-03,-2.010050e-03,-3.497487e-03
2.534375000e-03,-1.045226e-02,-3.497487e-03
2.535000000e-03,4.020100e-04,-3.497487e-03
2.535625000e-03,7.236180e-03,-3.497487e-03
2.536250000e-03,-5.628140e-03,-3.497487e-03
2.536875000e-03,-8.040200e-03,-3.497487e-03
2.537500000e-03,5.226130e-03,-3.497487e-03
2.538125000e-03,6.432160e-03,-3.497487e-03
2.538750000e-03,-6.834170e-03,-3.497487e-03
2.539375000e-03,-9.648240e-03,-3.497487e-03
2.540000000e-03,6.834170e-03,-3.497487e-03
2.540625000e-03,4.824120e-03,-3.497487e-03
2.541250000e-03,-8.442210e-03,-3.497487e-03
2.541875000e-03,-6.030150e-03,-3.497487e-03
2.542500000e-03,6.834170e-03,-3.497487e-03
2.543125000e-03,1.608040e-03,-3.497487e-03
2.543750000e-03,-1.005025e-02,-3.497487e-03
2.544375000e-03,-2.010050e-03,-3.497487e-03
2.545000000e-03,8.442210e-03,-3.497487e-03
2.545625000e-03,0.000000e+00,-3.497487e-03
2.546250000e-03,-1.085427e-02,-3.497487e-03
2.546875000e-03,-1.608040e-03,-3.497487e-03
2.547500000e-03,8.844220e-03,-3.497487e-03
2.548125000e-03,-2.412060e-03,-3.497487e-03
2.548750000e-03,-1.045226e-02,-3.497487e-03
2.549375000e-03,2.412060e-03,-3.497487e-03
2.550000000e-03,6.432160e-03,-3.497487e-03
2.550625000e-03,-4.824120e-03,-3.497487e-03
2.551250000e-03,-8.844220e-03,-3.497487e-03
2.551875000e-03,5.628140e-03,-3.497487e-03
2.552500000e-03,6.030150e-03,-3.497487e-03
2.553125000e-03,-8.040200e-03,-3.497487e-03
2.553750000e-03,-8.040200e-03,-3.497487e-03
2.554375000e-03,5.628140e-03,-3.497487e-03
2.555000000e-03,4.824120e-03,-3.497487e-03
2.555625000e-03,-8.040200e-03,-3.497487e-03
2.556250000e-03,-5.226130e-03,-3.497487e-03
2.556875000e-03,6.834170e-03,-3.497487e-03
2.557500000e-03,8.040200e-04,-3.497487e-03
2.558125000e-03,-9.246230e-03,-3.497487e-03
2.558750000e-03,-2.814070e-03,-3.497487e-03
2.559375000e-03,9.246230e-03,-3.497487e-03
2.560000000e-03,-4.020100e-04,-3.497487e-03
2.560625000e-03,-1.206030e-02,-3.497487e-03
2.561250000e-03,-8.040200e-04,-3.497487e-03
2.561875000e-03,8.040200e-03,-3.497487e-03
2.562500000e-03,-1.608040e-03,-3.497487e-03
2.563125000e-03,-1.005025e-02,-3.497487e-03
2.563750000e-03,8.040200e-04,-3.497487e-03
2.564375000e-03,6.834170e-03,-3.497487e-03
2.565000000e-03,-6.030150e-03,-3.497487e-03
2.565625000e-03,-8.442210e-03,-3.497487e-03
2.566250000e-03,5.628140e-03,-3.497487e-03
2.566875000e-03,6.030150e-03,-3.497487e-03
2.567500000e-03,-8.442210e-03,-3.497487e-03
2.568125000e-03,-8.040200e-03,-3.497487e-03
2.568750000e-03,7.638190e-03,-3.497487e-03
2.569375000e-03,4.020100e-03,-3.497487e-03
2.570000000e-03,-9.246230e-03,-3.497487e-03
2.570625000e-03,-6.432160e-03,-3.497487e-03
2.571250000e-03,6.834170e-03,-3.497487e-03
2.571875000e-03,1.608040e-03,-3.497487e-03
2.572500000e-03,-9.648240e-03,-3.497487e-03
2.573125000e-03,-1.608040e-03,-3.497487e-03
2.573750000e-03,7.638190e-03,-3.497487e-03
2.574375000e-03,-1.608040e-03,-3.497487e-03
2.575000000e-03,-1.085427e-02,-3.497487e-03
2.575625000e-03,-1.206030e-03,-3.497487e-03
2.576250000e-03,8.442210e-03,-3.497487e-03
2.576875000e-03,-2.814070e-03,-3.497487e-03
2.577500000e-03,-1.005025e-02,-3.497487e-03
2.578125000e-03,2.010050e-03,-3.497487e-03
2.578750000e-03,7.236180e-03,-3.497487e-03
2.579375000e-03,-5.226130e-03,-3.497487e-03
2.580000000e-03,-9.246230e-03,-3.497487e-03
2.580625000e-03,6.432160e-03,-3.497487e-03
2.581250000e-03,4.824120e-03,-3.497487e-03
2.581875000e-03,-8.040200e-03,-3.497487e-03
2.582500000e-03,-7.638190e-03,-3.497487e-03
2.583125000e-03,6.432160e-03,-3.497487e-03
2.583750000e-03,3.618090e-03,-3.497487e-03
2.584375000e-03,-8.844220e-03,-3.497487e-03
2.585000000e-03,-5.226130e-03,-3.497487e-03
2.585625000e-03,7.638190e-03,-3.497487e-03
2.586250000e-03,0.000000e+00,-3.497487e-03
2.586875000e-03,-9.648240e-03,-3.497487e-03
2.587500000e-03,-2.814070e-03,-3.497487e-03
2.588125000e-03,9.246230e-03,-3.497487e-03
2.588750000e-03,-1.206030e-03,-3.497487e-03
2.589375000e-03,-1.125628e-02,-3.497487e-03
2.590000000e-03,0.000000e+00,-3.497487e-03
2.590625000e-03,8.040200e-03,-3.497487e-03
2.591250000e-03,-2.814070e-03,-3.497487e-03
2.591875000e-03,-1.045226e-02,-3.497487e-03
2.592500000e-03,2.412060e-03,-3.497487e-03
2.593125000e-03,5.628140e-03,-3.497487e-03
2.593750000e-03,-6.432160e-03,-3.497487e-03
2.594375000e-03,-8.442210e-03,-3.497487e-03
2.595000000e-03,5.628140e-03,-3.497487e-03
2.595625000e-03,5.628140e-03,-3.497487e-03
2.596250000e-03,-7.638190e-03,-3.497487e-03
2.596875000e-03,-7.236180e-03,-3.497487e-03
2.597500000e-03,7.236180e-03,-3.497487e-03
2.598125000e-03,2.814070e-03,-3.497487e-03
2.598750000e-03,-9.246230e-03,-3.497487e-03
2.599375000e-03,-6.030150e-03,-3.497487e-03
2.600000000e-03,7.236180e-03,-3.497487e-03
2.600625000e-03,8.040200e-04,-3.497487e-03
2.601250000e-03,-9.648240e-03,-3.497487e-03
2.601875000e-03,0.000000e+00,-3.497487e-03
2.602500000e-03,8.442210e-03,-3.497487e-03
2.603125000e-03,-1.608040e-03,-3.497487e-03
2.603750000e-03,-1.125628e-02,-3.497487e-03
2.604375000e-03,0.000000e+00,-3.497487e-03
2.605000000e-03,8.040200e-03,-3.497487e-03
2.605625000e-03,-3.216080e-03,-3.497487e-03
2.606250000e-03,-9.246230e-03,-3.497487e-03
2.606875000e-03,2.412060e-03,-3.497487e-03
2.607500000e-03,6.030150e-03,-3.497487e-03
2.608125000e-03,-5.628140e-03,-3.497487e-03
2.608750000e-03,-8.442210e-03,-3.497487e-03
2.609375000e-03,6.030150e-03,-3.497487e-03
2.610000000e-03,4.824120e-03,-3.497487e-03
2.610625000e-03,-8.040200e-03,-3.497487e-03
2.611250000e-03,-6.834170e-03,-3.497487e-03
2.611875000e-03,6.834170e-03,-3.497487e-03
2.612500000e-03,2.412060e-03,-3.497487e-03
2.613125000e-03,-9.648240e-03,-3.497487e-03
2.613750000e-03,-4.020100e-03,-3.497487e-03
2.614375000e-03,7.236180e-03,-3.497487e-03
2.615000000e-03,4.020100e-04,-3.497487e-03
2.615625000e-03,-9.246230e-03,-3.497487e-03
2.616250000e-03,-1.608040e-03,-3.497487e-03
2.616875000e-03,9.246230e-03,-3.497487e-03
2.617500000e-03,-2.010050e-03,-3.497487e-03
2.618125000e-03,-1.165829e-02,-3.497487e-03
2.618750000e-03,8.040200e-04,-3.497487e-03
2.619375000e-03,8.040200e-03,-3.497487e-03
2.620000000e-03,-4.020100e-03,-3.497487e-03
2.620625000e-03,-9.648240e-03,-3.497487e-03
2.621250000e-03,3.618090e-03,-3.497487e-03
2.621875000e-03,6.030150e-03,-3.497487e-03
2.622500000e-03,-7.236180e-03,-3.497487e-03
2.623125000e-03,-6.834170e-03,-3.497487e-03
2.623750000e-03,6.432160e-03,-3.497487e-03
2.624375000e-03,5.226130e-03,-3.497487e-03
2.625000000e-03,-9.246230e-03,-3.497487e-03
2.625625000e-03,-6.834170e-03,-3.497487e-03
2.626250000e-03,7.236180e-03,-3.497487e-03
2.626875000e-03,2.814070e-03,-3.497487e-03
2.627500000e-03,-8.844220e-03,-3.497487e-03
2.628125000e-03,-4.422110e-03,-3.497487e-03
2.628750000e-03,7.638190e-03,-3.497487e-03
2.629375000e-03,-4.020100e-04,-3.497487e-03
2.630000000e-03,-1.045226e-02,-3.497487e-03
2.630625000e-03,0.000000e+00,-3.497487e-03
2.631250000e-03,8.442210e-03,-3.497487e-03
2.631875000e-03,-2.814070e-03,-3.497487e-03
2.632500000e-03,-1.085427e-02,-3.497487e-03
2.633125000e-03,1.206030e-03,-3.497487e-03
2.633750000e-03,7.638190e-03,-3.497487e-03
2.634375000e-03,-4.020100e-03,-3.497487e-03
2.635000000e-03,-9.246230e-03,-3.497487e-03
2.635625000e-03,2.814070e-03,-3.497487e-03
2.636250000e-03,5.628140e-03,-3.497487e-03
2.636875000e-03,-6.030150e-03,-3.497487e-03
2.637500000e-03,-8.844220e-03,-3.497487e-03
2.638125000e-03,6.432160e-03,-3.497487e-03
2.638750000e-03,4.422110e-03,-3.497487e-03
2.639375000e-03,-8.844220e-03,-3.497487e-03
2.640000000e-03,-6.834170e-03,-3.497487e-03
2.640625000e-03,7.638190e-03,-3.497487e-03
2.641250000e-03,3.216080e-03,-3.497487e-03
2.641875000e-03,-8.844220e-03,-3.497487e-03
2.642500000e-03,-4.020100e-03,-3.497487e-03
2.643125000e-03,7.236180e-03,-3.497487e-03
2.643750000e-03,0.000000e+00,-3.497487e-03
2.644375000e-03,-1.005025e-02,-3.497487e-03
2.645000000e-03,-1.206030e-03,-3.497487e-03
2.645625000e-03,7.638190e-03,-3.497487e-03
2.646250000e-03,-2.412060e-03,-3.497487e-03
2.646875000e-03,-1.005025e-02,-3.497487e-03
2.647500000e-03,2.010050e-03,-3.497487e-03
2.648125000e-03,7.236180e-03,-3.497487e-03
2.648750000e-03,-3.618090e-03,-3.497487e-03
2.649375000e-03,-1.005025e-02,-3.497487e-03
2.650000000e-03,4.422110e-03,-3.497487e-03
2.650625000e-03,5.226130e-03,-3.497487e-03
2.651250000e-03,-6.834170e-03,-3.497487e-03
2.651875000e-03,-7.638190e-03,-3.497487e-03
2.652500000e-03,6.030150e-03,-3.497487e-03
2.653125000e-03,4.422110e-03,-3.497487e-03
2.653750000e-03,-9.246230e-03,-3.497487e-03
2.654375000e-03,-6.030150e-03,-3.497487e-03
2.655000000e-03,7.236180e-03,-3.497487e-03
2.655625000e-03,2.010050e-03,-3.497487e-03
2.656250000e-03,-9.246230e-03,-3.497487e-03
2.656875000e-03,-3.618090e-03,-3.497487e-03
2.657500000e-03,8.442210e-03,-3.497487e-03
2.658125000e-03,-8.040200e-04,-3.497487e-03
2.658750000e-03,-1.085427e-02,-3.497487e-03
2.659375000e-03,0.000000e+00,-3.497487e-03
2.660000000e-03,8.442210e-03,-3.497487e-03
2.660625000e-03,-2.814070e-03,-3.497487e-03
2.661250000e-03,-1.165829e-02,-3.497487e-03
2.661875000e-03,2.010050e-03,-3.497487e-03
2.662500000e-03,6.834170e-03,-3.497487e-03
2.663125000e-03,-5.226130e-03,-3.497487e-03
2.663750000e-03,-8.442210e-03,-3.497487e-03
2.664375000e-03,4.422110e-03,-3.497487e-03
2.665000000e-03,5.628140e-03,-3.497487e-03
2.665625000e-03,-7.236180e-03,-3.497487e-03
2.666250000e-03,-6.834170e-03,-3.497487e-03
2.666875000e-03,6.834170e-03,-3.497487e-03
2.667500000e-03,3.216080e-03,-3.497487e-03
2.668125000e-03,-8.844220e-03,-3.497487e-03
2.668750000e-03,-5.628140e-03,-3.497487e-03
2.669375000e-03,7.638190e-03,-3.497487e-03
2.670000000e-03,1.608040e-03,-3.497487e-03
2.670625000e-03,-9.648240e-03,-3.497487e-03
2.671250000e-03,-2.412060e-03,-3.497487e-03
2.671875000e-03,7.236180e-03,-3.497487e-03
2.672500000e-03,-8.040200e-04,-3.497487e-03
2.673125000e-03,-1.005025e-02,-3.497487e-03
2.673750000e-03,0.000000e+00,-3.497487e-03
2.674375000e-03,8.844220e-03,-3.497487e-03
2.675000000e-03,-3.216080e-03,-3.497487e-03
2.675625000e-03,-1.005025e-02,-3.497487e-03
2.676250000e-03,2.412060e-03,-3.497487e-03
2.676875000e-03,6.834170e-03,-3.497487e-03
2.677500000e-03,-5.226130e-03,-3.497487e-03
2.678125000e-03,-8.844220e-03,-3.497487e-03
2.678750000e-03,4.824120e-03,-3.497487e-03
2.679375000e-03,4.422110e-03,-3.497487e-03
2.680000000e-03,-7.638190e-03,-3.497487e-03
2.680625000e-03,-6.432160e-03,-3.497487e-03
2.681250000e-03,7.236180e-03,-3.497487e-03
2.681875000e-03,2.814070e-03,-3.497487e-03
2.682500000e-03,-9.648240e-03,-3.497487e-03
2.683125000e-03,-5.226130e-03,-3.497487e-03
2.683750000e-03,7.638190e-03,-3.497487e-03
2.684375000e-03,1.608040e-03,-3.497487e-03
2.685000000e-03,-8.844220e-03,-3.497487e-03
2.685625000e-03,-2.412060e-03,-3.497487e-03
2.686250000e-03,8.040200e-03,-3.497487e-03
2.686875000e-03,-1.608040e-03,-3.497487e-03
2.687500000e-03,-9.648240e-03,-3.497487e-03
2.688125000e-03,8.040200e-04,-3.497487e-03
2.688750000e-03,7.638190e-03,-3.497487e-03
2.689375000e-03,-3.618090e-03,-3.497487e-03
2.690000000e-03,-1.085427e-02,-3.497487e-03
2.690625000e-03,2.814070e-03,-3.497487e-03
2.691250000e-03,6.432160e-03,-3.497487e-03
2.691875000e-03,-5.628140e-03,-3.497487e-03
2.692500000e-03,-8.442210e-03,-3.497487e-03
2.693125000e-03,4.422110e-03,-3.497487e-03
2.693750000e-03,4.824120e-03,-3.497487e-03
2.694375000e-03,-7.236180e-03,-3.497487e-03
2.695000000e-03,-6.432160e-03,-3.497487e-03
2.695625000e-03,6.834170e-03,-3.497487e-03
2.696250000e-03,2.412060e-03,-3.497487e-03
2.696875000e-03,-8.844220e-03,-3.497487e-03
2.697500000e-03,-5.226130e-03,-3.497487e-03
2.698125000e-03,8.442210e-03,-3.497487e-03
2.698750000e-03,8.040200e-04,-3.497487e-03
2.699375000e-03,-9.246230e-03,-3.497487e-03
2.700000000e-03,-1.206030e-03,-3.497487e-03
2.700625000e-03,6.834170e-03,-3.497487e-03
2.701250000e-03,-1.608040e-03,-3.497487e-03
2.701875000e-03,-1.045226e-02,-3.497487e-03
2.702500000e-03,8.040200e-04,-3.497487e-03
2.703125000e-03,7.236180e-03,-3.497487e-03
2.703750000e-03,-4.020100e-03,-3.497487e-03
2.704375000e-03,-1.005025e-02,-3.497487e-03
2.705000000e-03,2.814070e-03,-3.497487e-03
2.705625000e-03,6.432160e-03,-3.497487e-03
2.706250000e-03,-6.030150e-03,-3.497487e-03
2.706875000e-03,-7.638190e-03,-3.497487e-03
2.707500000e-03,5.226130e-03,-3.497487e-03
2.708125000e-03,3.618090e-03,-3.497487e-03
2.708750000e-03,-8.040200e-03,-3.497487e-03
2.709375000e-03,-6.432160e-03,-3.497487e-03
2.710000000e-03,7.638190e-03,-3.497487e-03
2.710625000e-03,2.814070e-03,-3.497487e-03
2.711250000e-03,-1.005025e-02,-3.497487e-03
2.711875000e-03,-3.618090e-03,-3.497487e-03
2.712500000e-03,7.236180e-03,-3.497487e-03
2.713125000e-03,8.040200e-04,-3.497487e-03
2.713750000e-03,-1.045226e-02,-3.497487e-03
2.714375000e-03,-1.206030e-03,-3.497487e-03
2.715000000e-03,7.638190e-03,-3.497487e-03
2.715625000e-03,-2.814070e-03,-3.497487e-03
2.716250000e-03,-1.005025e-02,-3.497487e-03
2.716875000e-03,1.206030e-03,-3.497487e-03
2.717500000e-03,7.638190e-03,-3.497487e-03
2.718125000e-03,-4.824120e-03,-3.497487e-03
2.718750000e-03,-1.005025e-02,-3.497487e-03
2.719375000e-03,3.618090e-03,-3.497487e-03
2.720000000e-03,6.030150e-03,-3.497487e-03
2.720625000e-03,-6.030150e-03,-3.497487e-03
2.721250000e-03,-8.040200e-03,-3.497487e-03
2.721875000e-03,5.226130e-03,-3.497487e-03
2.722500000e-03,3.618090e-03,-3.497487e-03
2.723125000e-03,-9.246230e-03,-3.497487e-03
2.723750000e-03,-4.824120e-03,-3.497487e-03
2.724375000e-03,7.236180e-03,-3.497487e-03
2.725000000e-03,2.010050e-03,-3.497487e-03
2.725625000e-03,-9.246230e-03,-3.497487e-03
2.726250000e-03,-3.618090e-03,-3.497487e-03
2.726875000e-03,8.844220e-03,-3.497487e-03
2.727500000e-03,0.000000e+00,-3.497487e-03
2.728125000e-03,-9.648240e-03,-3.497487e-03
2.728750000e-03,-1.206030e-03,-3.497487e-03
2.729375000e-03,7.236180e-03,-3.497487e-03
2.730000000e-03,-2.814070e-03,-3.497487e-03
2.730625000e-03,-9.648240e-03,-3.497487e-03
2.731250000e-03,2.412060e-03,-3.497487e-03
2.731875000e-03,6.834170e-03,-3.497487e-03
2.732500000e-03,-4.422110e-03,-3.497487e-03
2.733125000e-03,-9.648240e-03,-3.497487e-03
2.733750000e-03,3.618090e-03,-3.497487e-03
2.734375000e-03,6.030150e-03,-3.497487e-03
2.735000000e-03,-6.432160e-03,-3.497487e-03
2.735625000e-03,-6.834170e-03,-3.497487e-03
2.736250000e-03,5.226130e-03,-3.497487e-03
2.736875000e-03,2.814070e-03,-3.497487e-03
2.737500000e-03,-8.040200e-03,-3.497487e-03
2.738125000e-03,-6.030150e-03,-3.497487e-03
2.738750000e-03,7.638190e-03,-3.497487e-03
2.739375000e-03,1.608040e-03,-3.497487e-03
2.740000000e-03,-1.005025e-02,-3.497487e-03
2.740625000e-03,-3.618090e-03,-3.497487e-03
2.741250000e-03,7.236180e-03,-3.497487e-03
2.741875000e-03,0.000000e+00,-3.497487e-03
2.742500000e-03,-9.246230e-03,-3.497487e-03
2.743125000e-03,0.000000e+00,-3.497487e-03
2.743750000e-03,7.236180e-03,-3.497487e-03
2.744375000e-03,-2.412060e-03,-3.497487e-03
2.745000000e-03,-9.246230e-03,-3.497487e-03
2.745625000e-03,1.608040e-03,-3.497487e-03
2.746250000e-03,7.236180e-03,-3.497487e-03
2.746875000e-03,-4.824120e-03,-3.497487e-03
2.747500000e-03,-1.005025e-02,-3.497487e-03
2.748125000e-03,4.020100e-03,-3.497487e-03
2.748750000e-03,6.030150e-03,-3.497487e-03
2.749375000e-03,-6.030150e-03,-3.497487e-03
2.750000000e-03,-7.638190e-03,-3.497487e-03
2.750625000e-03,6.030150e-03,-3.497487e-03
2.751250000e-03,2.814070e-03,-3.497487e-03
2.751875000e-03,-8.442210e-03,-3.497487e-03
2.752500000e-03,-4.020100e-03,-3.497487e-03
2.753125000e-03,7.236180e-03,-3.497487e-03
2.753750000e-03,1.608040e-03,-3.497487e-03
2.754375000e-03,-1.005025e-02,-3.497487e-03
2.755000000e-03,-3.216080e-03,-3.497487e-03
2.755625000e-03,7.638190e-03,-3.497487e-03
2.756250000e-03,-4.020100e-04,-3.497487e-03
2.756875000e-03,-9.648240e-03,-3.497487e-03
2.757500000e-03,0.000000e+00,-3.497487e-03
2.758125000e-03,6.834170e-03,-3.497487e-03
2.758750000e-03,-3.618090e-03,-3.497487e-03
2.759375000e-03,-9.648240e-03,-3.497487e-03
2.760000000e-03,3.216080e-03,-3.497487e-03
2.760625000e-03,6.432160e-03,-3.497487e-03
2.761250000e-03,-5.226130e-03,-3.497487e-03
2.761875000e-03,-8.844220e-03,-3.497487e-03
2.762500000e-03,3.618090e-03,-3.497487e-03
2.763125000e-03,5.226130e-03,-3.497487e-03
2.763750000e-03,-6.432160e-03,-3.497487e-03
2.764375000e-03,-6.432160e-03,-3.497487e-03
2.765000000e-03,5.226130e-03,-3.497487e-03
2.765625000e-03,2.412060e-03,-3.497487e-03
2.766250000e-03,-8.040200e-03,-3.497487e-03
2.766875000e-03,-4.020100e-03,-3.497487e-03
2.767500000e-03,8.040200e-03,-3.497487e-03
2.768125000e-03,8.040200e-04,-3.497487e-03
2.768750000e-03,-1.005025e-02,-3.497487e-03
2.769375000e-03,-2.814070e-03,-3.497487e-03
2.770000000e-03,6.834170e-03,-3.497487e-03
2.770625000e-03,-8.040200e-04,-3.497487e-03
2.771250000e-03,-9.246230e-03,-3.497487e-03
2.771875000e-03,4.020100e-04,-3.497487e-03
2.772500000e-03,6.432160e-03,-3.497487e-03
2.773125000e-03,-4.020100e-03,-3.497487e-03
2.773750000e-03,-8.442210e-03,-3.497487e-03
2.774375000e-03,2.412060e-03,-3.497487e-03
2.775000000e-03,6.432160e-03,-3.497487e-03
2.775625000e-03,-5.628140e-03,-3.497487e-03
2.776250000e-03,-9.246230e-03,-3.497487e-03
2.776875000e-03,4.422110e-03,-3.497487e-03
2.777500000e-03,5.226130e-03,-3.497487e-03
2.778125000e-03,-6.432160e-03,-3.497487e-03
2.778750000e-03,-6.834170e-03,-3.497487e-03
2.779375000e-03,6.030150e-03,-3.497487e-03
2.780000000e-03,2.412060e-03,-3.497487e-03
2.780625000e-03,-8.442210e-03,-3.497487e-03
2.781250000e-03,-3.216080e-03,-3.497487e-03
2.781875000e-03,6.834170e-03,-3.497487e-03
2.782500000e-03,4.020100e-04,-3.497487e-03
2.783125000e-03,-9.246230e-03,-3.497487e-03
2.783750000e-03,-3.216080e-03,-3.497487e-03
2.784375000e-03,7.638190e-03,-3.497487e-03
2.785000000e-03,-8.040200e-04,-3.497487e-03
2.785625000e-03,-8.442210e-03,-3.497487e-03
2.786250000e-03,0.000000e+00,-3.497487e-03
2.786875000e-03,6.030150e-03,-3.497487e-03
2.787500000e-03,-4.422110e-03,-3.497487e-03
2.788125000e-03,-9.246230e-03,-3.497487e-03
2.788750000e-03,3.618090e-03,-3.497487e-03
2.789375000e-03,5.628140e-03,-3.497487e-03
2.790000000e-03,-5.628140e-03,-3.497487e-03
2.790625000e-03,-8.844220e-03,-3.497487e-03
2.791250000e-03,4.422110e-03,-3.497487e-03
2.791875000e-03,4.824120e-03,-3.497487e-03
2.792500000e-03,-6.834170e-03,-3.497487e-03
2.793125000e-03,-5.226130e-03,-3.497487e-03
2.793750000e-03,5.226130e-03,-3.497487e-03
2.794375000e-03,1.608040e-03,-3.497487e-03
2.795000000e-03,-8.442210e-03,-3.497487e-03
2.795625000e-03,-4.020100e-03,-3.497487e-03
2.796250000e-03,7.638190e-03,-3.497487e-03
2.796875000e-03,0.000000e+00,-3.497487e-03
2.797500000e-03,-9.246230e-03,-3.497487e-03
2.798125000e-03,-2.814070e-03,-3.497487e-03
2.798750000e-03,7.638190e-03,-3.497487e-03
2.799375000e-03,-4.020100e-04,-3.497487e-03
2.800000000e-03,-9.246230e-03,-3.497487e-03
2.800625000e-03,4.020100e-04,-3.497487e-03
2.801250000e-03,6.030150e-03,-3.497487e-03
2.801875000e-03,-3.618090e-03,-3.497487e-03
2.802500000e-03,-8.844220e-03,-3.497487e-03
2.803125000e-03,3.216080e-03,-3.497487e-03
2.803750000e-03,5.628140e-03,-3.497487e-03
2.804375000e-03,-6.030150e-03,-3.497487e-03
2.805000000e-03,-8.040200e-03,-3.497487e-03
2.805625000e-03,4.422110e-03,-3.497487e-03
2.806250000e-03,5.226130e-03,-3.497487e-03
2.806875000e-03,-6.432160e-03,-3.497487e-03
2.807500000e-03,-6.432160e-03,-3.497487e-03
2.808125000e-03,5.628140e-03,-3.497487e-03
2.808750000e-03,1.206030e-03,-3.497487e-03
2.809375000e-03,-8.844220e-03,-3.497487e-03
2.810000000e-03,-2.412060e-03,-3.497487e-03
2.810625000e-03,7.638190e-03,-3.497487e-03
2.811250000e-03,8.040200e-04,-3.497487e-03
2.811875000e-03,-1.085427e-02,-3.497487e-03
2.812500000e-03,-2.010050e-03,-3.497487e-03
2.813125000e-03,6.834170e-03,-3.497487e-03
2.813750000e-03,-4.020100e-04,-3.497487e-03
2.814375000e-03,-8.844220e-03,-3.497487e-03
2.815000000e-03,0.000000e+00,-3.497487e-03
2.815625000e-03,6.432160e-03,-3.497487e-03
2.816250000e-03,-4.020100e-03,-3.497487e-03
2.816875000e-03,-7.638190e-03,-3.497487e-03
2.817500000e-03,4.020100e-03,-3.497487e-03
2.818125000e-03,4.824120e-03,-3.497487e-03
2.818750000e-03,-6.030150e-03,-3.497487e-03
2.819375000e-03,-8.442210e-03,-3.497487e-03
2.820000000e-03,4.824120e-03,-3.497487e-03
2.820625000e-03,4.422110e-03,-3.497487e-03
2.821250000e-03,-7.236180e-03,-3.497487e-03
2.821875000e-03,-5.226130e-03,-3.497487e-03
2.822500000e-03,5.628140e-03,-3.497487e-03
2.823125000e-03,2.412060e-03,-3.497487e-03
2.823750000e-03,-8.040200e-03,-3.497487e-03
2.824375000e-03,-2.814070e-03,-3.497487e-03
2.825000000e-03,7.638190e-03,-3.497487e-03
2.825625000e-03,-8.040200e-04,-3.497487e-03
2.826250000e-03,-9.648240e-03,-3.497487e-03
2.826875000e-03,-2.010050e-03,-3.497487e-03
2.827500000e-03,7.638190e-03,-3.497487e-03
2.828125000e-03,-1.206030e-03,-3.497487e-03
2.828750000e-03,-8.844220e-03,-3.497487e-03
2.829375000e-03,1.206030e-03,-3.497487e-03
2.830000000e-03,5.226130e-03,-3.497487e-03
2.830625000e-03,-4.422110e-03,-3.497487e-03
2.831250000e-03,-8.442210e-03,-3.497487e-03
2.831875000e-03,4.020100e-03,-3.497487e-03
2.832500000e-03,5.226130e-03,-3.497487e-03
2.833125000e-03,-7.236180e-03,-3.497487e-03
2.833750000e-03,-7.638190e-03,-3.497487e-03
2.834375000e-03,4.422110e-03,-3.497487e-03
2.835000000e-03,4.422110e-03,-3.497487e-03
2.835625000e-03,-7.236180e-03,-3.497487e-03
2.836250000e-03,-5.226130e-03,-3.497487e-03
2.836875000e-03,6.030150e-03,-3.497487e-03
2.837500000e-03,4.020100e-04,-3.497487e-03
2.838125000e-03,-8.040200e-03,-3.497487e-03
2.838750000e-03,-2.814070e-03,-3.497487e-03
2.839375000e-03,7.236180e-03,-3.497487e-03
2.840000000e-03,0.000000e+00,-3.497487e-03
2.840625000e-03,-9.648240e-03,-3.497487e-03
2.841250000e-03,-8.040200e-04,-3.497487e-03
2.841875000e-03,6.834170e-03,-3.497487e-03
2.842500000e-03,-1.206030e-03,-3.497487e-03
2.843125000e-03,-8.844220e-03,-3.497487e-03
2.843750000e-03,8.040200e-04,-3.497487e-03
2.844375000e-03,6.432160e-03,-3.497487e-03
2.845000000e-03,-4.824120e-03,-3.497487e-03
2.845625000e-03,-8.040200e-03,-3.497487e-03
2.846250000e-03,4.824120e-03,-3.497487e-03
2.846875000e-03,4.422110e-03,-3.497487e-03
2.847500000e-03,-7.638190e-03,-3.497487e-03
2.848125000e-03,-8.040200e-03,-3.497487e-03
2.848750000e-03,6.432160e-03,-3.497487e-03
2.849375000e-03,4.020100e-03,-3.497487e-03
2.850000000e-03,-6.834170e-03,-3.497487e-03
2.850625000e-03,-4.824120e-03,-3.497487e-03
2.851250000e-03,5.628140e-03,-3.497487e-03
2.851875000e-03,1.206030e-03,-3.497487e-03
2.852500000e-03,-9.246230e-03,-3.497487e-03
2.853125000e-03,-2.010050e-03,-3.497487e-03
2.853750000e-03,7.236180e-03,-3.497487e-03
2.854375000e-03,-1.608040e-03,-3.497487e-03
2.855000000e-03,-9.246230e-03,-3.497487e-03
2.855625000e-03,-8.040200e-04,-3.497487e-03
2.856250000e-03,7.638190e-03,-3.497487e-03
2.856875000e-03,-2.010050e-03,-3.497487e-03
2.857500000e-03,-9.246230e-03,-3.497487e-03
2.858125000e-03,1.608040e-03,-3.497487e-03
2.858750000e-03,5.226130e-03,-3.497487e-03
2.859375000e-03,-4.020100e-03,-3.497487e-03
2.860000000e-03,-8.040200e-03,-3.497487e-03
2.860625000e-03,4.422110e-03,-3.497487e-03
2.861250000e-03,4.824120e-03,-3.497487e-03
2.861875000e-03,-7.236180e-03,-3.497487e-03
2.862500000e-03,-6.432160e-03,-3.497487e-03
2.863125000e-03,4.824120e-03,-3.497487e-03
2.863750000e-03,3.618090e-03,-3.497487e-03
2.864375000e-03,-8.442210e-03,-3.497487e-03
2.865000000e-03,-4.824120e-03,-3.497487e-03
2.865625000e-03,6.834170e-03,-3.497487e-03
2.866250000e-03,0.000000e+00,-3.497487e-03
2.866875000e-03,-8.442210e-03,-3.497487e-03
2.867500000e-03,-2.412060e-03,-3.497487e-03
2.868125000e-03,7.236180e-03,-3.497487e-03
2.868750000e-03,-1.206030e-03,-3.497487e-03
2.869375000e-03,-1.005025e-02,-3.497487e-03
2.870000000e-03,4.020100e-04,-3.497487e-03
2.870625000e-03,6.834170e-03,-3.497487e-03
2.871250000e-03,-2.412060e-03,-3.497487e-03
2.871875000e-03,-8.844220e-03,-3.497487e-03
2.872500000e-03,1.206030e-03,-3.497487e-03
2.873125000e-03,5.226130e-03,-3.497487e-03
2.873750000e-03,-5.628140e-03,-3.497487e-03
2.874375000e-03,-7.236180e-03,-3.497487e-03
2.875000000e-03,4.824120e-03,-3.497487e-03
2.875625000e-03,4.422110e-03,-3.497487e-03
2.876250000e-03,-7.236180e-03,-3.497487e-03
2.876875000e-03,-6.834170e-03,-3.497487e-03
2.877500000e-03,6.030150e-03,-3.497487e-03
2.878125000e-03,3.216080e-03,-3.497487e-03
2.878750000e-03,-7.236180e-03,-3.497487e-03
2.879375000e-03,-4.020100e-03,-3.497487e-03
2.880000000e-03,5.628140e-03,-3.497487e-03
2.880625000e-03,0.000000e+00,-3.497487e-03
2.881250000e-03,-8.442210e-03,-3.497487e-03
2.881875000e-03,-4.020100e-04,-3.497487e-03
2.882500000e-03,7.236180e-03,-3.497487e-03
2.883125000e-03,-1.608040e-03,-3.497487e-03
2.883750000e-03,-1.005025e-02,-3.497487e-03
2.884375000e-03,0.000000e+00,-3.497487e-03
2.885000000e-03,7.638190e-03,-3.497487e-03
2.885625000e-03,-2.814070e-03,-3.497487e-03
2.886250000e-03,-8.442210e-03,-3.497487e-03
2.886875000e-03,2.010050e-03,-3.497487e-03
2.887500000e-03,4.824120e-03,-3.497487e-03
2.888125000e-03,-4.824120e-03,-3.497487e-03
2.888750000e-03,-7.236180e-03,-3.497487e-03
2.889375000e-03,5.628140e-03,-3.497487e-03
2.890000000e-03,4.422110e-03,-3.497487e-03
2.890625000e-03,-7.236180e-03,-3.497487e-03
2.891250000e-03,-6.030150e-03,-3.497487e-03
2.891875000e-03,5.628140e-03,-3.497487e-03
2.892500000e-03,2.814070e-03,-3.497487e-03
2.893125000e-03,-8.040200e-03,-3.497487e-03
2.893750000e-03,-4.020100e-03,-3.497487e-03
2.894375000e-03,6.432160e-03,-3.497487e-03
2.895000000e-03,0.000000e+00,-3.497487e-03
2.895625000e-03,-8.442210e-03,-3.497487e-03
2.896250000e-03,-1.608040e-03,-3.497487e-03
2.896875000e-03,8.040200e-03,-3.497487e-03
2.897500000e-03,-2.010050e-03,-3.497487e-03
2.898125000e-03,-1.005025e-02,-3.497487e-03
2.898750000e-03,0.000000e+00,-3.497487e-03
2.899375000e-03,6.030150e-03,-3.497487e-03
2.900000000e-03,-2.412060e-03,-3.497487e-03
2.900625000e-03,-8.844220e-03,-3.497487e-03
2.901250000e-03,2.814070e-03,-3.497487e-03
2.901875000e-03,5.628140e-03,-3.497487e-03
2.902500000e-03,-6.030150e-03,-3.497487e-03
2.903125000e-03,-6.432160e-03,-3.497487e-03
2.903750000e-03,4.824120e-03,-3.497487e-03
2.904375000e-03,4.020100e-03,-3.497487e-03
2.905000000e-03,-7.638190e-03,-3.497487e-03
2.905625000e-03,-6.432160e-03,-3.497487e-03
2.906250000e-03,5.226130e-03,-3.497487e-03
2.906875000e-03,2.010050e-03,-3.497487e-03
2.907500000e-03,-7.236180e-03,-3.497487e-03
2.908125000e-03,-4.020100e-03,-3.497487e-03
2.908750000e-03,6.432160e-03,-3.497487e-03
2.909375000e-03,0.000000e+00,-3.497487e-03
2.910000000e-03,-8.844220e-03,-3.497487e-03
2.910625000e-03,-4.020100e-04,-3.497487e-03
2.911250000e-03,6.432160e-03,-3.497487e-03
2.911875000e-03,-2.010050e-03,-3.497487e-03
2.912500000e-03,-9.648240e-03,-3.497487e-03
2.913125000e-03,4.020100e-04,-3.497487e-03
2.913750000e-03,6.834170e-03,-3.497487e-03
2.914375000e-03,-3.618090e-03,-3.497487e-03
2.915000000e-03,-8.040200e-03,-3.497487e-03
2.915625000e-03,2.412060e-03,-3.497487e-03
2.916250000e-03,4.824120e-03,-3.497487e-03
2.916875000e-03,-5.226130e-03,-3.497487e-03
2.917500000e-03,-7.236180e-03,-3.497487e-03
2.918125000e-03,6.030150e-03,-3.497487e-03
2.918750000e-03,2.814070e-03,-3.497487e-03
2.919375000e-03,-8.040200e-03,-3.497487e-03
2.920000000e-03,-5.628140e-03,-3.497487e-03
2.920625000e-03,6.432160e-03,-3.497487e-03
2.921250000e-03,2.814070e-03,-3.497487e-03
2.921875000e-03,-8.442210e-03,-3.497487e-03
2.922500000e-03,-3.216080e-03,-3.497487e-03
2.923125000e-03,6.432160e-03,-3.497487e-03
2.923750000e-03,-4.020100e-04,-3.497487e-03
2.924375000e-03,-8.442210e-03,-3.497487e-03
2.925000000e-03,-4.020100e-04,-3.497487e-03
2.925625000e-03,7.236180e-03,-3.497487e-03
2.926250000e-03,-2.814070e-03,-3.497487e-03
2.926875000e-03,-9.648240e-03,-3.497487e-03
2.927500000e-03,1.608040e-03,-3.497487e-03
2.928125000e-03,6.030150e-03,-3.497487e-03
2.928750000e-03,-3.216080e-03,-3.497487e-03
2.929375000e-03,-8.442210e-03,-3.497487e-03
2.930000000e-03,2.814070e-03,-3.497487e-03
2.930625000e-03,4.422110e-03,-3.497487e-03
2.931250000e-03,-6.030150e-03,-3.497487e-03
2.931875000e-03,-5.226130e-03,-3.497487e-03
2.932500000e-03,4.824120e-03,-3.497487e-03
2.933125000e-03,3.618090e-03,-3.497487e-03
2.933750000e-03,-7.638190e-03,-3.497487e-03
2.934375000e-03,-5.628140e-03,-3.497487e-03
2.935000000e-03,6.432160e-03,-3.497487e-03
2.935625000e-03,2.010050e-03,-3.497487e-03
2.936250000e-03,-7.638190e-03,-3.497487e-03
2.936875000e-03,-3.618090e-03,-3.497487e-03
2.937500000e-03,6.432160e-03,-3.497487e-03
2.938125000e-03,-4.020100e-04,-3.497487e-03
2.938750000e-03,-8.040200e-03,-3.497487e-03
2.939375000e-03,0.000000e+00,-3.497487e-03
2.940000000e-03,6.030150e-03,-3.497487e-03
2.940625000e-03,-2.412060e-03,-3.497487e-03
2.941250000e-03,-9.246230e-03,-3.497487e-03
2.941875000e-03,1.206030e-03,-3.497487e-03
2.942500000e-03,6.030150e-03,-3.497487e-03
2.943125000e-03,-4.422110e-03,-3.497487e-03
2.943750000e-03,-8.040200e-03,-3.497487e-03
2.944375000e-03,2.412060e-03,-3.497487e-03
2.945000000e-03,4.020100e-03,-3.497487e-03
2.945625000e-03,-5.628140e-03,-3.497487e-03
2.946250000e-03,-5.226130e-03,-3.497487e-03
2.946875000e-03,5.628140e-03,-3.497487e-03
2.947500000e-03,2.814070e-03,-3.497487e-03
2.948125000e-03,-7.638190e-03,-3.497487e-03
2.948750000e-03,-5.226130e-03,-3.497487e-03
2.949375000e-03,6.432160e-03,-3.497487e-03
2.950000000e-03,1.608040e-03,-3.497487e-03
2.950625000e-03,-8.442210e-03,-3.497487e-03
2.951250000e-03,-3.216080e-03,-3.497487e-03
2.951875000e-03,5.628140e-03,-3.497487e-03
2.952500000e-03,-4.020100e-04,-3.497487e-03
2.953125000e-03,-8.844220e-03,-3.497487e-03
2.953750000e-03,0.000000e+00,-3.497487e-03
2.954375000e-03,7.236180e-03,-3.497487e-03
2.955000000e-03,-3.216080e-03,-3.497487e-03
2.955625000e-03,-8.442210e-03,-3.497487e-03
2.956250000e-03,1.608040e-03,-3.497487e-03
2.956875000e-03,6.030150e-03,-3.497487e-03
2.957500000e-03,-4.020100e-03,-3.497487e-03
2.958125000e-03,-8.442210e-03,-3.497487e-03
2.958750000e-03,2.814070e-03,-3.497487e-03
2.959375000e-03,3.618090e-03,-3.497487e-03
2.960000000e-03,-5.628140e-03,-3.497487e-03
2.960625000e-03,-5.628140e-03,-3.497487e-03
2.961250000e-03,4.824120e-03,-3.497487e-03
2.961875000e-03,3.216080e-03,-3.497487e-03
2.962500000e-03,-8.442210e-03,-3.497487e-03
2.963125000e-03,-4.422110e-03,-3.497487e-03
2.963750000e-03,6.432160e-03,-3.497487e-03
2.964375000e-03,8.040200e-04,-3.497487e-03
2.965000000e-03,-8.040200e-03,-3.497487e-03
2.965625000e-03,-2.814070e-03,-3.497487e-03
2.966250000e-03,6.030150e-03,-3.497487e-03
2.966875000e-03,-1.608040e-03,-3.497487e-03
2.967500000e-03,-8.442210e-03,-3.497487e-03
2.968125000e-03,0.000000e+00,-3.497487e-03
2.968750000e-03,6.030150e-03,-3.497487e-03
2.969375000e-03,-2.010050e-03,-3.497487e-03
2.970000000e-03,-9.246230e-03,-3.497487e-03
2.970625000e-03,2.412060e-03,-3.497487e-03
2.971250000e-03,6.030150e-03,-3.497487e-03
2.971875000e-03,-4.422110e-03,-3.497487e-03
2.972500000e-03,-7.236180e-03,-3.497487e-03
2.973125000e-03,2.412060e-03,-3.497487e-03
2.973750000e-03,3.618090e-03,-3.497487e-03
2.974375000e-03,-6.834170e-03,-3.497487e-03
2.975000000e-03,-5.628140e-03,-3.497487e-03
2.975625000e-03,6.432160e-03,-3.497487e-03
2.976250000e-03,2.814070e-03,-3.497487e-03
2.976875000e-03,-7.638190e-03,-3.497487e-03
2.977500000e-03,-5.226130e-03,-3.497487e-03
2.978125000e-03,6.432160e-03,-3.497487e-03
2.978750000e-03,1.608040e-03,-3.497487e-03
2.979375000e-03,-8.040200e-03,-3.497487e-03
2.980000000e-03,-2.010050e-03,-3.497487e-03
2.980625000e-03,5.226130e-03,-3.497487e-03
2.981250000e-03,-1.608040e-03,-3.497487e-03
2.981875000e-03,-8.442210e-03,-3.497487e-03
2.982500000e-03,8.040200e-04,-3.497487e-03
2.983125000e-03,7.236180e-03,-3.497487e-03
2.983750000e-03,-4.422110e-03,-3.497487e-03
2.984375000e-03,-9.246230e-03,-3.497487e-03
2.985000000e-03,2.010050e-03,-3.497487e-03
2.985625000e-03,6.030150e-03,-3.497487e-03
2.986250000e-03,-4.824120e-03,-3.497487e-03
2.986875000e-03,-8.040200e-03,-3.497487e-03
2.987500000e-03,3.216080e-03,-3.497487e-03
2.988125000e-03,2.412060e-03,-3.497487e-03
2.988750000e-03,-5.226130e-03,-3.497487e-03
2.989375000e-03,-4.824120e-03,-3.497487e-03
2.990000000e-03,6.030150e-03,-3.497487e-03
2.990625000e-03,2.010050e-03,-3.497487e-03
2.991250000e-03,-8.844220e-03,-3.497487e-03
2.991875000e-03,-4.020100e-03,-3.497487e-03
2.992500000e-03,6.432160e-03,-3.497487e-03
2.993125000e-03,1.608040e-03,-3.497487e-03
2.993750000e-03,-8.040200e-03,-3.497487e-03
2.994375000e-03,-2.412060e-03,-3.497487e-03
2.995000000e-03,6.432160e-03,-3.497487e-03
2.995625000e-03,-1.206030e-03,-3.497487e-03
2.996250000e-03,-8.040200e-03,-3.497487e-03
2.996875000e-03,8.040200e-04,-3.497487e-03
2.997500000e-03,5.628140e-03,-3.497487e-03
2.998125000e-03,-3.618090e-03,-3.497487e-03
2.998750000e-03,-8.844220e-03,-3.497487e-03
2.999375000e-03,2.010050e-03,-3.497487e-03
3.000000000e-03,5.628140e-03,-3.497487e-03
3.000625000e-03,-4.422110e-03,-3.497487e-03
3.001250000e-03,-6.834170e-03,-3.497487e-03
3.001875000e-03,3.216080e-03,-3.497487e-03
3.002500000e-03,4.020100e-03,-3.497487e-03
3.003125000e-03,-6.432160e-03,-3.497487e-03
3.003750000e-03,-4.422110e-03,-3.497487e-03
3.004375000e-03,5.628140e-03,-3.497487e-03
3.005000000e-03,2.010050e-03,-3.497487e-03
3.005625000e-03,-7.638190e-03,-3.497487e-03
3.006250000e-03,-4.824120e-03,-3.497487e-03
3.006875000e-03,6.432160e-03,-3.497487e-03
3.007500000e-03,8.040200e-04,-3.497487e-03
3.008125000e-03,-7.638190e-03,-3.497487e-03
3.008750000e-03,-1.608040e-03,-3.497487e-03
3.009375000e-03,5.226130e-03,-3.497487e-03
3.010000000e-03,-2.010050e-03,-3.497487e-03
3.010625000e-03,-8.040200e-03,-3.497487e-03
3.011250000e-03,2.010050e-03,-3.497487e-03
3.011875000e-03,5.628140e-03,-3.497487e-03
3.012500000e-03,-4.824120e-03,-3.497487e-03
3.013125000e-03,-8.442210e-03,-3.497487e-03
3.013750000e-03,2.412060e-03,-3.497487e-03
3.014375000e-03,5.628140e-03,-3.497487e-03
3.015000000e-03,-4.824120e-03,-3.497487e-03
3.015625000e-03,-6.834170e-03,-3.497487e-03
3.016250000e-03,4.422110e-03,-3.497487e-03
3.016875000e-03,2.814070e-03,-3.497487e-03
3.017500000e-03,-6.834170e-03,-3.497487e-03
3.018125000e-03,-5.226130e-03,-3.497487e-03
3.018750000e-03,6.030150e-03,-3.497487e-03
3.019375000e-03,1.206030e-03,-3.497487e-03
3.020000000e-03,-8.442210e-03,-3.497487e-03
3.020625000e-03,-2.412060e-03,-3.497487e-03
3.021250000e-03,6.834170e-03,-3.497487e-03
3.021875000e-03,8.040200e-04,-3.497487e-03
3.022500000e-03,-8.040200e-03,-3.497487e-03
3.023125000e-03,-1.608040e-03,-3.497487e-03
3.023750000e-03,6.030150e-03,-3.497487e-03
3.024375000e-03,-2.010050e-03,-3.497487e-03
3.025000000e-03,-8.040200e-03,-3.497487e-03
3.025625000e-03,1.206030e-03,-3.497487e-03
3.026250000e-03,6.030150e-03,-3.497487e-03
3.026875000e-03,-4.020100e-03,-3.497487e-03
3.027500000e-03,-8.442210e-03,-3.497487e-03
3.028125000e-03,2.814070e-03,-3.497487e-03
3.028750000e-03,5.628140e-03,-3.497487e-03
3.029375000e-03,-5.628140e-03,-3.497487e-03
3.030000000e-03,-7.236180e-03,-3.497487e-03
3.030625000e-03,3.618090e-03,-3.497487e-03
3.031250000e-03,2.814070e-03,-3.497487e-03
3.031875000e-03,-6.834170e-03,-3.497487e-03
3.032500000e-03,-4.020100e-03,-3.497487e-03
3.033125000e-03,6.030150e-03,-3.497487e-03
3.033750000e-03,8.040200e-04,-3.497487e-03
3.034375000e-03,-7.638190e-03,-3.497487e-03
3.035000000e-03,-3.618090e-03,-3.497487e-03
3.035625000e-03,6.834170e-03,-3.497487e-03
3.036250000e-03,0.000000e+00,-3.497487e-03
3.036875000e-03,-8.844220e-03,-3.497487e-03
3.037500000e-03,-1.608040e-03,-3.497487e-03
3.038125000e-03,6.432160e-03,-3.497487e-03
3.038750000e-03,-1.608040e-03,-3.497487e-03
3.039375000e-03,-8.040200e-03,-3.497487e-03
3.040000000e-03,2.412060e-03,-3.497487e-03
3.040625000e-03,5.226130e-03,-3.497487e-03
3.041250000e-03,-5.226130e-03,-3.497487e-03
3.041875000e-03,-7.638190e-03,-3.497487e-03
3.042500000e-03,2.814070e-03,-3.497487e-03
3.043125000e-03,4.824120e-03,-3.497487e-03
3.043750000e-03,-5.226130e-03,-3.497487e-03
3.044375000e-03,-6.834170e-03,-3.497487e-03
3.045000000e-03,4.422110e-03,-3.497487e-03
3.045625000e-03,2.814070e-03,-3.497487e-03
3.046250000e-03,-6.432160e-03,-3.497487e-03
3.046875000e-03,-4.422110e-03,-3.497487e-03
3.047500000e-03,6.030150e-03,-3.497487e-03
3.048125000e-03,4.020100e-04,-3.497487e-03
3.048750000e-03,-8.442210e-03,-3.497487e-03
3.049375000e-03,-2.814070e-03,-3.497487e-03
3.050000000e-03,5.628140e-03,-3.497487e-03
3.050625000e-03,4.020100e-04,-3.497487e-03
3.051250000e-03,-8.844220e-03,-3.497487e-03
3.051875000e-03,-8.040200e-04,-3.497487e-03
3.052500000e-03,5.628140e-03,-3.497487e-03
3.053125000e-03,-2.814070e-03,-3.497487e-03
3.053750000e-03,-7.236180e-03,-3.497487e-03
3.054375000e-03,1.608040e-03,-3.497487e-03
3.055000000e-03,5.628140e-03,-3.497487e-03
3.055625000e-03,-4.422110e-03,-3.497487e-03
3.056250000e-03,-7.638190e-03,-3.497487e-03
3.056875000e-03,3.618090e-03,-3.497487e-03
3.057500000e-03,4.422110e-03,-3.497487e-03
3.058125000e-03,-5.226130e-03,-3.497487e-03
3.058750000e-03,-6.432160e-03,-3.497487e-03
3.059375000e-03,4.824120e-03,-3.497487e-03
3.060000000e-03,2.412060e-03,-3.497487e-03
3.060625000e-03,-7.236180e-03,-3.497487e-03
3.061250000e-03,-3.618090e-03,-3.497487e-03
3.061875000e-03,5.628140e-03,-3.497487e-03
3.062500000e-03,8.040200e-04,-3.497487e-03
3.063125000e-03,-8.844220e-03,-3.497487e-03
3.063750000e-03,-2.814070e-03,-3.497487e-03
3.064375000e-03,6.834170e-03,-3.497487e-03
3.065000000e-03,0.000000e+00,-3.497487e-03
3.065625000e-03,-7.638190e-03,-3.497487e-03
3.066250000e-03,-1.206030e-03,-3.497487e-03
3.066875000e-03,5.226130e-03,-3.497487e-03
3.067500000e-03,-2.412060e-03,-3.497487e-03
3.068125000e-03,-8.040200e-03,-3.497487e-03
3.068750000e-03,2.412060e-03,-3.497487e-03
3.069375000e-03,5.226130e-03,-3.497487e-03
3.070000000e-03,-4.422110e-03,-3.497487e-03
3.070625000e-03,-6.834170e-03,-3.497487e-03
3.071250000e-03,2.814070e-03,-3.497487e-03
3.071875000e-03,4.824120e-03,-3.497487e-03
3.072500000e-03,-6.030150e-03,-3.497487e-03
3.073125000e-03,-6.432160e-03,-3.497487e-03
3.073750000e-03,3.618090e-03,-3.497487e-03
3.074375000e-03,2.412060e-03,-3.497487e-03
3.075000000e-03,-6.834170e-03,-3.497487e-03
3.075625000e-03,-4.422110e-03,-3.497487e-03
3.076250000e-03,6.030150e-03,-3.497487e-03
3.076875000e-03,4.020100e-04,-3.497487e-03
3.077500000e-03,-8.040200e-03,-3.497487e-03
3.078125000e-03,-2.010050e-03,-3.497487e-03
3.078750000e-03,5.628140e-03,-3.497487e-03
3.079375000e-03,0.000000e+00,-3.497487e-03
3.080000000e-03,-8.040200e-03,-3.497487e-03
3.080625000e-03,0.000000e+00,-3.497487e-03
3.081250000e-03,5.226130e-03,-3.497487e-03
3.081875000e-03,-2.412060e-03,-3.497487e-03
3.082500000e-03,-7.236180e-03,-3.497487e-03
3.083125000e-03,1.206030e-03,-3.497487e-03
3.083750000e-03,6.030150e-03,-3.497487e-03
3.084375000e-03,-4.824120e-03,-3.497487e-03
3.085000000e-03,-8.040200e-03,-3.497487e-03
3.085625000e-03,3.618090e-03,-3.497487e-03
3.086250000e-03,4.020100e-03,-3.497487e-03
3.086875000e-03,-5.226130e-03,-3.497487e-03
3.087500000e-03,-6.432160e-03,-3.497487e-03
3.088125000e-03,4.422110e-03,-3.497487e-03
3.088750000e-03,1.608040e-03,-3.497487e-03
3.089375000e-03,-6.030150e-03,-3.497487e-03
3.090000000e-03,-3.216080e-03,-3.497487e-03
3.090625000e-03,5.226130e-03,-3.497487e-03
3.091250000e-03,4.020100e-04,-3.497487e-03
3.091875000e-03,-8.844220e-03,-3.497487e-03
3.092500000e-03,-2.010050e-03,-3.497487e-03
3.093125000e-03,6.432160e-03,-3.497487e-03
3.093750000e-03,-8.040200e-04,-3.497487e-03
3.094375000e-03,-8.040200e-03,-3.497487e-03
3.095000000e-03,-4.020100e-04,-3.497487e-03
3.095625000e-03,6.030150e-03,-3.497487e-03
3.096250000e-03,-2.412060e-03,-3.497487e-03
3.096875000e-03,-7.638190e-03,-3.497487e-03
3.097500000e-03,2.412060e-03,-3.497487e-03
3.098125000e-03,4.422110e-03,-3.497487e-03
3.098750000e-03,-4.422110e-03,-3.497487e-03
3.099375000e-03,-7.236180e-03,-3.497487e-03
3.100000000e-03,4.020100e-03,-3.497487e-03
3.100625000e-03,4.020100e-03,-3.497487e-03
3.101250000e-03,-6.432160e-03,-3.497487e-03
3.101875000e-03,-5.226130e-03,-3.497487e-03
3.102500000e-03,4.020100e-03,-3.497487e-03
3.103125000e-03,2.412060e-03,-3.497487e-03
3.103750000e-03,-6.834170e-03,-3.497487e-03
3.104375000e-03,-4.020100e-03,-3.497487e-03
3.105000000e-03,6.432160e-03,-3.497487e-03
3.105625000e-03,0.000000e+00,-3.497487e-03
3.106250000e-03,-8.442210e-03,-3.497487e-03
3.106875000e-03,-2.010050e-03,-3.497487e-03
3.107500000e-03,6.030150e-03,-3.497487e-03
3.108125000e-03,-8.040200e-04,-3.497487e-03
3.108750000e-03,-8.844220e-03,-3.497487e-03
3.109375000e-03,4.020100e-04,-3.497487e-03
3.110000000e-03,5.628140e-03,-3.497487e-03
3.110625000e-03,-3.216080e-03,-3.497487e-03
3.111250000e-03,-7.236180e-03,-3.497487e-03
3.111875000e-03,1.608040e-03,-3.497487e-03
3.112500000e-03,5.226130e-03,-3.497487e-03
3.113125000e-03,-5.628140e-03,-3.497487e-03
3.113750000e-03,-6.834170e-03,-3.497487e-03
3.114375000e-03,4.020100e-03,-3.497487e-03
3.115000000e-03,3.216080e-03,-3.497487e-03
3.115625000e-03,-6.030150e-03,-3.497487e-03
3.116250000e-03,-6.030150e-03,-3.497487e-03
3.116875000e-03,5.628140e-03,-3.497487e-03
3.117500000e-03,2.010050e-03,-3.497487e-03
3.118125000e-03,-6.834170e-03,-3.497487e-03
3.118750000e-03,-2.814070e-03,-3.497487e-03
3.119375000e-03,5.226130e-03,-3.497487e-03
3.120000000e-03,4.020100e-04,-3.497487e-03
3.120625000e-03,-8.442210e-03,-3.497487e-03
3.121250000e-03,-2.010050e-03,-3.497487e-03
3.121875000e-03,6.432160e-03,-3.497487e-03
3.122500000e-03,-1.206030e-03,-3.497487e-03
3.123125000e-03,-8.040200e-03,-3.497487e-03
3.123750000e-03,0.000000e+00,-3.497487e-03
3.124375000e-03,6.432160e-03,-3.497487e-03
3.125000000e-03,-3.216080e-03,-3.497487e-03
3.125625000e-03,-6.834170e-03,-3.497487e-03
3.126250000e-03,3.216080e-03,-3.497487e-03
3.126875000e-03,4.020100e-03,-3.497487e-03
3.127500000e-03,-5.628140e-03,-3.497487e-03
3.128125000e-03,-6.834170e-03,-3.497487e-03
3.128750000e-03,4.422110e-03,-3.497487e-03
3.129375000e-03,3.618090e-03,-3.497487e-03
3.130000000e-03,-6.834170e-03,-3.497487e-03
3.130625000e-03,-4.824120e-03,-3.497487e-03
3.131250000e-03,4.824120e-03,-3.497487e-03
3.131875000e-03,2.010050e-03,-3.497487e-03
3.132500000e-03,-7.236180e-03,-3.497487e-03
3.133125000e-03,-3.618090e-03,-3.497487e-03
3.133750000e-03,6.030150e-03,-3.497487e-03
3.134375000e-03,-8.040200e-04,-3.497487e-03
3.135000000e-03,-7.638190e-03,-3.497487e-03
3.135625000e-03,-1.206030e-03,-3.497487e-03
3.136250000e-03,6.432160e-03,-3.497487e-03
3.136875000e-03,-1.608040e-03,-3.497487e-03
3.137500000e-03,-8.442210e-03,-3.497487e-03
3.138125000e-03,1.206030e-03,-3.497487e-03
3.138750000e-03,5.226130e-03,-3.497487e-03
3.139375000e-03,-3.216080e-03,-3.497487e-03
3.140000000e-03,-7.236180e-03,-3.497487e-03
3.140625000e-03,2.412060e-03,-3.497487e-03
3.141250000e-03,4.020100e-03,-3.497487e-03
3.141875000e-03,-6.432160e-03,-3.497487e-03
3.142500000e-03,-6.030150e-03,-3.497487e-03
3.143125000e-03,4.422110e-03,-3.497487e-03
3.143750000e-03,2.814070e-03,-3.497487e-03
3.144375000e-03,-6.030150e-03,-3.497487e-03
3.145000000e-03,-5.226130e-03,-3.497487e-03
3.145625000e-03,5.628140e-03,-3.497487e-03
3.146250000e-03,1.206030e-03,-3.497487e-03
3.146875000e-03,-7.236180e-03,-3.497487e-03
3.147500000e-03,-2.814070e-03,-3.497487e-03
3.148125000e-03,5.226130e-03,-3.497487e-03
3.148750000e-03,-4.020100e-04,-3.497487e-03
3.149375000e-03,-8.844220e-03,-3.497487e-03
3.150000000e-03,0.000000e+00,-3.497487e-03
3.150625000e-03,6.432160e-03,-3.497487e-03
3.151250000e-03,-1.608040e-03,-3.497487e-03
3.151875000e-03,-8.040200e-03,-3.497487e-03
3.152500000e-03,0.000000e+00,-3.497487e-03
3.153125000e-03,5.226130e-03,-3.497487e-03
3.153750000e-03,-4.020100e-03,-3.497487e-03
3.154375000e-03,-7.236180e-03,-3.497487e-03
3.155000000e-03,2.814070e-03,-3.497487e-03
3.155625000e-03,4.020100e-03,-3.497487e-03
3.156250000e-03,-5.226130e-03,-3.497487e-03
3.156875000e-03,-6.432160e-03,-3.497487e-03
3.157500000e-03,4.824120e-03,-3.497487e-03
3.158125000e-03,3.216080e-03,-3.497487e-03
3.158750000e-03,-6.834170e-03,-3.497487e-03
3.159375000e-03,-4.422110e-03,-3.497487e-03
3.160000000e-03,4.824120e-03,-3.497487e-03
3.160625000e-03,1.608040e-03,-3.497487e-03
3.161250000e-03,-7.236180e-03,-3.497487e-03
3.161875000e-03,-2.814070e-03,-3.497487e-03
3.162500000e-03,5.628140e-03,-3.497487e-03
3.163125000e-03,-4.020100e-04,-3.497487e-03
3.163750000e-03,-8.442210e-03,-3.497487e-03
3.164375000e-03,-8.040200e-04,-3.497487e-03
3.165000000e-03,6.432160e-03,-3.497487e-03
3.165625000e-03,-2.412060e-03,-3.497487e-03
3.166250000e-03,-8.442210e-03,-3.497487e-03
3.166875000e-03,1.206030e-03,-3.497487e-03
3.167500000e-03,4.824120e-03,-3.497487e-03
3.168125000e-03,-4.020100e-03,-3.497487e-03
3.168750000e-03,-7.236180e-03,-3.497487e-03
3.169375000e-03,3.216080e-03,-3.497487e-03
3.170000000e-03,4.422110e-03,-3.497487e-03
3.170625000e-03,-6.030150e-03,-3.497487e-03
3.171250000e-03,-5.628140e-03,-3.497487e-03
3.171875000e-03,4.422110e-03,-3.497487e-03
3.172500000e-03,3.216080e-03,-3.497487e-03
3.173125000e-03,-7.236180e-03,-3.497487e-03
3.173750000e-03,-4.824120e-03,-3.497487e-03
3.174375000e-03,5.628140e-03,-3.497487e-03
3.175000000e-03,8.040200e-04,-3.497487e-03
3.175625000e-03,-7.638190e-03,-3.497487e-03
3.176250000e-03,-2.010050e-03,-3.497487e-03
3.176875000e-03,6.030150e-03,-3.497487e-03
3.177500000e-03,-1.206030e-03,-3.497487e-03
3.178125000e-03,-9.246230e-03,-3.497487e-03
3.178750000e-03,4.020100e-04,-3.497487e-03
3.179375000e-03,6.030150e-03,-3.497487e-03
3.180000000e-03,-2.814070e-03,-3.497487e-03
3.180625000e-03,-8.442210e-03,-3.497487e-03
3.181250000e-03,1.206030e-03,-3.497487e-03
3.181875000e-03,5.226130e-03,-3.497487e-03
3.182500000e-03,-4.824120e-03,-3.497487e-03
3.183125000e-03,-6.834170e-03,-3.497487e-03
3.183750000e-03,3.216080e-03,-3.497487e-03
3.184375000e-03,4.422110e-03,-3.497487e-03
3.185000000e-03,-6.030150e-03,-3.497487e-03
3.185625000e-03,-6.030150e-03,-3.497487e-03
3.186250000e-03,6.030150e-03,-3.497487e-03
3.186875000e-03,2.412060e-03,-3.497487e-03
3.187500000e-03,-7.638190e-03,-3.497487e-03
3.188125000e-03,-4.422110e-03,-3.497487e-03
3.188750000e-03,6.432160e-03,-3.497487e-03
3.189375000e-03,1.206030e-03,-3.497487e-03
3.190000000e-03,-8.040200e-03,-3.497487e-03
3.190625000e-03,-2.010050e-03,-3.497487e-03
3.191250000e-03,5.226130e-03,-3.497487e-03
3.191875000e-03,-1.206030e-03,-3.497487e-03
3.192500000e-03,-8.442210e-03,-3.497487e-03
3.193125000e-03,0.000000e+00,-3.497487e-03
3.193750000e-03,6.834170e-03,-3.497487e-03
3.194375000e-03,-2.814070e-03,-3.497487e-03
3.195000000e-03,-8.442210e-03,-3.497487e-03
3.195625000e-03,1.608040e-03,-3.497487e-03
3.196250000e-03,5.226130e-03,-3.497487e-03
3.196875000e-03,-4.422110e-03,-3.497487e-03
3.197500000e-03,-7.236180e-03,-3.497487e-03
3.198125000e-03,4.020100e-03,-3.497487e-03
3.198750000e-03,3.618090e-03,-3.497487e-03
3.199375000e-03,-6.030150e-03,-3.497487e-03
3.200000000e-03,-5.628140e-03,-3.497487e-03
3.200625000e-03,4.824120e-03,-3.497487e-03
3.201250000e-03,2.814070e-03,-3.497487e-03
3.201875000e-03,-8.040200e-03,-3.497487e-03
3.202500000e-03,-4.824120e-03,-3.497487e-03
3.203125000e-03,5.628140e-03,-3.497487e-03
3.203750000e-03,4.020100e-04,-3.497487e-03
3.204375000e-03,-8.040200e-03,-3.497487e-03
3.205000000e-03,-1.608040e-03,-3.497487e-03
3.205625000e-03,6.030150e-03,-3.497487e-03
3.206250000e-03,-1.206030e-03,-3.497487e-03
3.206875000e-03,-8.040200e-03,-3.497487e-03
3.207500000e-03,8.040200e-04,-3.497487e-03
3.208125000e-03,5.226130e-03,-3.497487e-03
3.208750000e-03,-3.618090e-03,-3.497487e-03
3.209375000e-03,-8.844220e-03,-3.497487e-03
3.210000000e-03,2.412060e-03,-3.497487e-03
3.210625000e-03,4.824120e-03,-3.497487e-03
3.211250000e-03,-5.226130e-03,-3.497487e-03
3.211875000e-03,-6.432160e-03,-3.497487e-03
3.212500000e-03,3.618090e-03,-3.497487e-03
3.213125000e-03,3.618090e-03,-3.497487e-03
3.213750000e-03,-6.834170e-03,-3.497487e-03
3.214375000e-03,-4.824120e-03,-3.497487e-03
3.215000000e-03,5.628140e-03,-3.497487e-03
3.215625000e-03,1.608040e-03,-3.497487e-03
3.216250000e-03,-7.638190e-03,-3.497487e-03
3.216875000e-03,-3.618090e-03,-3.497487e-03
3.217500000e-03,6.030150e-03,-3.497487e-03
3.218125000e-03,4.020100e-04,-3.497487e-03
3.218750000e-03,-8.442210e-03,-3.497487e-03
3.219375000e-03,-8.040200e-04,-3.497487e-03
3.220000000e-03,5.628140e-03,-3.497487e-03
3.220625000e-03,-1.206030e-03,-3.497487e-03
3.221250000e-03,-8.040200e-03,-3.497487e-03
3.221875000e-03,0.000000e+00,-3.497487e-03
3.222500000e-03,5.628140e-03,-3.497487e-03
3.223125000e-03,-3.618090e-03,-3.497487e-03
3.223750000e-03,-7.638190e-03,-3.497487e-03
3.224375000e-03,2.010050e-03,-3.497487e-03
3.225000000e-03,4.824120e-03,-3.497487e-03
3.225625000e-03,-4.422110e-03,-3.497487e-03
3.226250000e-03,-6.834170e-03,-3.497487e-03
3.226875000e-03,4.824120e-03,-3.497487e-03
3.227500000e-03,2.814070e-03,-3.497487e-03
3.228125000e-03,-6.834170e-03,-3.497487e-03
3.228750000e-03,-5.226130e-03,-3.497487e-03
3.229375000e-03,4.824120e-03,-3.497487e-03
3.230000000e-03,1.608040e-03,-3.497487e-03
3.230625000e-03,-8.844220e-03,-3.497487e-03
3.231250000e-03,-2.814070e-03,-3.497487e-03
3.231875000e-03,6.030150e-03,-3.497487e-03
3.232500000e-03,4.020100e-04,-3.497487e-03
3.233125000e-03,-7.236180e-03,-3.497487e-03
3.233750000e-03,-2.010050e-03,-3.497487e-03
3.234375000e-03,5.628140e-03,-3.497487e-03
3.235000000e-03,-2.010050e-03,-3.497487e-03
3.235625000e-03,-7.638190e-03,-3.497487e-03
3.236250000e-03,8.040200e-04,-3.497487e-03
3.236875000e-03,4.824120e-03,-3.497487e-03
3.237500000e-03,-3.618090e-03,-3.497487e-03
3.238125000e-03,-7.638190e-03,-3.497487e-03
3.238750000e-03,3.618090e-03,-3.497487e-03
3.239375000e-03,4.422110e-03,-3.497487e-03
3.240000000e-03,-5.628140e-03,-3.497487e-03
3.240625000e-03,-6.030150e-03,-3.497487e-03
3.241250000e-03,3.618090e-03,-3.497487e-03
3.241875000e-03,3.216080e-03,-3.497487e-03
3.242500000e-03,-7.638190e-03,-3.497487e-03
3.243125000e-03,-4.422110e-03,-3.497487e-03
3.243750000e-03,6.432160e-03,-3.497487e-03
3.244375000e-03,1.206030e-03,-3.497487e-03
3.245000000e-03,-7.236180e-03,-3.497487e-03
3.245625000e-03,-3.216080e-03,-3.497487e-03
3.246250000e-03,6.030150e-03,-3.497487e-03
3.246875000e-03,0.000000e+00,-3.497487e-03
3.247500000e-03,-8.442210e-03,-3.497487e-03
3.248125000e-03,-8.040200e-04,-3.497487e-03
3.248750000e-03,4.824120e-03,-3.497487e-03
3.249375000e-03,-2.010050e-03,-3.497487e-03
3.250000000e-03,-8.040200e-03,-3.497487e-03
3.250625000e-03,1.608040e-03,-3.497487e-03
3.251250000e-03,6.432160e-03,-3.497487e-03
3.251875000e-03,-4.422110e-03,-3.497487e-03
3.252500000e-03,-7.236180e-03,-3.497487e-03
3.253125000e-03,2.814070e-03,-3.497487e-03
3.253750000e-03,4.824120e-03,-3.497487e-03
3.254375000e-03,-4.824120e-03,-3.497487e-03
3.255000000e-03,-6.432160e-03,-3.497487e-03
3.255625000e-03,4.422110e-03,-3.497487e-03
3.256250000e-03,2.010050e-03,-3.497487e-03
3.256875000e-03,-6.432160e-03,-3.497487e-03
3.257500000e-03,-3.618090e-03,-3.497487e-03
3.258125000e-03,5.226130e-03,-3.497487e-03
3.258750000e-03,8.040200e-04,-3.497487e-03
3.259375000e-03,-8.844220e-03,-3.497487e-03
3.260000000e-03,-2.814070e-03,-3.497487e-03
3.260625000e-03,6.030150e-03,-3.497487e-03
3.261250000e-03,-8.040200e-04,-3.497487e-03
3.261875000e-03,-7.236180e-03,-3.497487e-03
3.262500000e-03,-1.206030e-03,-3.497487e-03
3.263125000e-03,6.432160e-03,-3.497487e-03
3.263750000e-03,-2.814070e-03,-3.497487e-03
3.264375000e-03,-7.638190e-03,-3.497487e-03
3.265000000e-03,2.412060e-03,-3.497487e-03
3.265625000e-03,4.824120e-03,-3.497487e-03
3.266250000e-03,-4.422110e-03,-3.497487e-03
3.266875000e-03,-8.442210e-03,-3.497487e-03
3.267500000e-03,2.814070e-03,-3.497487e-03
3.268125000e-03,3.618090e-03,-3.497487e-03
3.268750000e-03,-5.226130e-03,-3.497487e-03
3.269375000e-03,-5.226130e-03,-3.497487e-03
3.270000000e-03,4.020100e-03,-3.497487e-03
3.270625000e-03,2.814070e-03,-3.497487e-03
3.271250000e-03,-7.638190e-03,-3.497487e-03
3.271875000e-03,-4.020100e-03,-3.497487e-03
3.272500000e-03,5.628140e-03,-3.497487e-03
3.273125000e-03,4.020100e-04,-3.497487e-03
3.273750000e-03,-8.040200e-03,-3.497487e-03
3.274375000e-03,-2.814070e-03,-3.497487e-03
3.275000000e-03,6.834170e-03,-3.497487e-03
3.275625000e-03,0.000000e+00,-3.497487e-03
3.276250000e-03,-7.236180e-03,-3.497487e-03
3.276875000e-03,0.000000e+00,-3.497487e-03
3.277500000e-03,5.226130e-03,-3.497487e-03
3.278125000e-03,-2.814070e-03,-3.497487e-03
3.278750000e-03,-8.040200e-03,-3.497487e-03
3.279375000e-03,1.608040e-03,-3.497487e-03
3.280000000e-03,4.824120e-03,-3.497487e-03
3.280625000e-03,-4.824120e-03,-3.497487e-03
3.281250000e-03,-7.236180e-03,-3.497487e-03
3.281875000e-03,2.412060e-03,-3.497487e-03
3.282500000e-03,4.824120e-03,-3.497487e-03
3.283125000e-03,-5.628140e-03,-3.497487e-03
3.283750000e-03,-5.628140e-03,-3.497487e-03
3.284375000e-03,5.226130e-03,-3.497487e-03
3.285000000e-03,2.010050e-03,-3.497487e-03
3.285625000e-03,-6.834170e-03,-3.497487e-03
3.286250000e-03,-3.618090e-03,-3.497487e-03
3.286875000e-03,6.432160e-03,-3.497487e-03
3.287500000e-03,4.020100e-04,-3.497487e-03
3.288125000e-03,-8.844220e-03,-3.497487e-03
3.288750000e-03,-2.010050e-03,-3.497487e-03
3.289375000e-03,5.628140e-03,-3.497487e-03
3.290000000e-03,0.000000e+00,-3.497487e-03
3.290625000e-03,-7.236180e-03,-3.497487e-03
3.291250000e-03,0.000000e+00,-3.497487e-03
3.291875000e-03,4.824120e-03,-3.497487e-03
3.292500000e-03,-4.020100e-03,-3.497487e-03
3.293125000e-03,-6.834170e-03,-3.497487e-03
3.293750000e-03,2.010050e-03,-3.497487e-03
3.294375000e-03,4.824120e-03,-3.497487e-03
3.295000000e-03,-5.628140e-03,-3.497487e-03
3.295625000e-03,-7.638190e-03,-3.497487e-03
3.296250000e-03,3.216080e-03,-3.497487e-03
3.296875000e-03,3.618090e-03,-3.497487e-03
3.297500000e-03,-5.628140e-03,-3.497487e-03
3.298125000e-03,-4.824120e-03,-3.497487e-03
3.298750000e-03,4.020100e-03,-3.497487e-03
3.299375000e-03,2.010050e-03,-3.497487e-03
3.300000000e-03,-7.236180e-03,-3.497487e-03
3.300625000e-03,-2.412060e-03,-3.497487e-03
3.301250000e-03,5.226130e-03,-3.497487e-03
3.301875000e-03,0.000000e+00,-3.497487e-03
3.302500000e-03,-8.040200e-03,-3.497487e-03
3.303125000e-03,-2.010050e-03,-3.497487e-03
3.303750000e-03,7.236180e-03,-3.497487e-03
3.304375000e-03,-1.608040e-03,-3.497487e-03
3.305000000e-03,-7.638190e-03,-3.497487e-03
3.305625000e-03,0.000000e+00,-3.497487e-03
3.306250000e-03,4.422110e-03,-3.497487e-03
3.306875000e-03,-3.618090e-03,-3.497487e-03
3.307500000e-03,-7.236180e-03,-3.497487e-03
3.308125000e-03,2.814070e-03,-3.497487e-03
3.308750000e-03,4.422110e-03,-3.497487e-03
3.309375000e-03,-4.824120e-03,-3.497487e-03
3.310000000e-03,-6.834170e-03,-3.497487e-03
3.310625000e-03,3.216080e-03,-3.497487e-03
3.311250000e-03,4.020100e-03,-3.497487e-03
3.311875000e-03,-6.030150e-03,-3.497487e-03
3.312500000e-03,-5.226130e-03,-3.497487e-03
3.313125000e-03,4.422110e-03,-3.497487e-03
3.313750000e-03,8.040200e-04,-3.497487e-03
3.314375000e-03,-7.236180e-03,-3.497487e-03
3.315000000e-03,-4.020100e-03,-3.497487e-03
3.315625000e-03,6.030150e-03,-3.497487e-03
3.316250000e-03,0.000000e+00,-3.497487e-03
3.316875000e-03,-8.442210e-03,-3.497487e-03
3.317500000e-03,-1.206030e-03,-3.497487e-03
3.318125000e-03,5.226130e-03,-3.497487e-03
3.318750000e-03,-4.020100e-04,-3.497487e-03
3.319375000e-03,-7.638190e-03,-3.497487e-03
3.320000000e-03,4.020100e-04,-3.497487e-03
3.320625000e-03,4.422110e-03,-3.497487e-03
3.321250000e-03,-4.020100e-03,-3.497487e-03
3.321875000e-03,-6.432160e-03,-3.497487e-03
3.322500000e-03,2.814070e-03,-3.497487e-03
3.323125000e-03,4.824120e-03,-3.497487e-03
3.323750000e-03,-5.628140e-03,-3.497487e-03
3.324375000e-03,-6.432160e-03,-3.497487e-03
3.325000000e-03,4.020100e-03,-3.497487e-03
3.325625000e-03,2.814070e-03,-3.497487e-03
3.326250000e-03,-5.628140e-03,-3.497487e-03
3.326875000e-03,-5.226130e-03,-3.497487e-03
3.327500000e-03,4.422110e-03,-3.497487e-03
3.328125000e-03,1.206030e-03,-3.497487e-03
3.328750000e-03,-7.638190e-03,-3.497487e-03
3.329375000e-03,-2.010050e-03,-3.497487e-03
3.330000000e-03,6.030150e-03,-3.497487e-03
3.330625000e-03,0.000000e+00,-3.497487e-03
3.331250000e-03,-8.040200e-03,-3.497487e-03
3.331875000e-03,-8.040200e-04,-3.497487e-03
3.332500000e-03,6.030150e-03,-3.497487e-03
3.333125000e-03,-2.010050e-03,-3.497487e-03
3.333750000e-03,-7.236180e-03,-3.497487e-03
3.334375000e-03,0.000000e+00,-3.497487e-03
3.335000000e-03,4.422110e-03,-3.497487e-03
3.335625000e-03,-4.020100e-03,-3.497487e-03
3.336250000e-03,-7.638190e-03,-3.497487e-03
3.336875000e-03,3.618090e-03,-3.497487e-03
3.337500000e-03,4.824120e-03,-3.497487e-03
3.338125000e-03,-4.824120e-03,-3.497487e-03
3.338750000e-03,-6.432160e-03,-3.497487e-03
3.339375000e-03,3.216080e-03,-3.497487e-03
3.340000000e-03,3.216080e-03,-3.497487e-03
3.340625000e-03,-6.432160e-03,-3.497487e-03
3.341250000e-03,-4.422110e-03,-3.497487e-03
3.341875000e-03,4.020100e-03,-3.497487e-03
3.342500000e-03,8.040200e-04,-3.497487e-03
3.343125000e-03,-6.834170e-03,-3.497487e-03
3.343750000e-03,-2.412060e-03,-3.497487e-03
3.344375000e-03,6.030150e-03,-3.497487e-03
3.345000000e-03,-4.020100e-04,-3.497487e-03
3.345625000e-03,-8.040200e-03,-3.497487e-03
3.346250000e-03,-1.206030e-03,-3.497487e-03
3.346875000e-03,5.226130e-03,-3.497487e-03
3.347500000e-03,-8.040200e-04,-3.497487e-03
3.348125000e-03,-7.638190e-03,-3.497487e-03
3.348750000e-03,4.020100e-04,-3.497487e-03
3.349375000e-03,4.020100e-03,-3.497487e-03
3.350000000e-03,-3.618090e-03,-3.497487e-03
3.350625000e-03,-6.432160e-03,-3.497487e-03
3.351250000e-03,2.814070e-03,-3.497487e-03
3.351875000e-03,4.422110e-03,-3.497487e-03
3.352500000e-03,-6.432160e-03,-3.497487e-03
3.353125000e-03,-6.030150e-03,-3.497487e-03
3.353750000e-03,4.422110e-03,-3.497487e-03
3.354375000e-03,2.412060e-03,-3.497487e-03
3.355000000e-03,-6.030150e-03,-3.497487e-03
3.355625000e-03,-4.824120e-03,-3.497487e-03
3.356250000e-03,4.824120e-03,-3.497487e-03
3.356875000e-03,8.040200e-04,-3.497487e-03
3.357500000e-03,-7.236180e-03,-3.497487e-03
3.358125000e-03,-2.010050e-03,-3.497487e-03
3.358750000e-03,5.628140e-03,-3.497487e-03
3.359375000e-03,-4.020100e-04,-3.497487e-03
3.360000000e-03,-8.844220e-03,-3.497487e-03
3.360625000e-03,-1.206030e-03,-3.497487e-03
3.361250000e-03,6.432160e-03,-3.497487e-03
3.361875000e-03,-2.010050e-03,-3.497487e-03
3.362500000e-03,-7.236180e-03,-3.497487e-03
3.363125000e-03,4.020100e-04,-3.497487e-03
3.363750000e-03,4.020100e-03,-3.497487e-03
3.364375000e-03,-4.020100e-03,-3.497487e-03
3.365000000e-03,-6.834170e-03,-3.497487e-03
3.365625000e-03,4.422110e-03,-3.497487e-03
3.366250000e-03,4.020100e-03,-3.497487e-03
3.366875000e-03,-5.226130e-03,-3.497487e-03
3.367500000e-03,-6.432160e-03,-3.497487e-03
3.368125000e-03,4.422110e-03,-3.497487e-03
3.368750000e-03,3.216080e-03,-3.497487e-03
3.369375000e-03,-6.432160e-03,-3.497487e-03
3.370000000e-03,-4.020100e-03,-3.497487e-03
3.370625000e-03,4.422110e-03,-3.497487e-03
3.371250000e-03,8.040200e-04,-3.497487e-03
3.371875000e-03,-7.236180e-03,-3.497487e-03
3.372500000e-03,-1.608040e-03,-3.497487e-03
3.373125000e-03,6.432160e-03,-3.497487e-03
3.373750000e-03,-8.040200e-04,-3.497487e-03
3.374375000e-03,-8.040200e-03,-3.497487e-03
3.375000000e-03,-8.040200e-04,-3.497487e-03
3.375625000e-03,4.824120e-03,-3.497487e-03
3.376250000e-03,-2.412060e-03,-3.497487e-03
3.376875000e-03,-7.236180e-03,-3.497487e-03
3.377500000e-03,1.608040e-03,-3.497487e-03
3.378125000e-03,3.216080e-03,-3.497487e-03
3.378750000e-03,-4.422110e-03,-3.497487e-03
3.379375000e-03,-5.628140e-03,-3.497487e-03
3.380000000e-03,3.618090e-03,-3.497487e-03
3.380625000e-03,3.618090e-03,-3.497487e-03
3.381250000e-03,-6.432160e-03,-3.497487e-03
3.381875000e-03,-5.226130e-03,-3.497487e-03
3.382500000e-03,4.422110e-03,-3.497487e-03
3.383125000e-03,3.216080e-03,-3.497487e-03
3.383750000e-03,-6.030150e-03,-3.497487e-03
3.384375000e-03,-4.422110e-03,-3.497487e-03
3.385000000e-03,4.422110e-03,-3.497487e-03
3.385625000e-03,0.000000e+00,-3.497487e-03
3.386250000e-03,-6.834170e-03,-3.497487e-03
3.386875000e-03,-1.206030e-03,-3.497487e-03
3.387500000e-03,5.628140e-03,-3.497487e-03
3.388125000e-03,-8.040200e-04,-3.497487e-03
3.388750000e-03,-8.442210e-03,-3.497487e-03
3.389375000e-03,0.000000e+00,-3.497487e-03
3.390000000e-03,5.226130e-03,-3.497487e-03
3.390625000e-03,-2.412060e-03,-3.497487e-03
3.391250000e-03,-6.834170e-03,-3.497487e-03
3.391875000e-03,4.020100e-04,-3.497487e-03
3.392500000e-03,4.020100e-03,-3.497487e-03
3.393125000e-03,-4.824120e-03,-3.497487e-03
3.393750000e-03,-5.628140e-03,-3.497487e-03
3.394375000e-03,4.020100e-03,-3.497487e-03
3.395000000e-03,2.814070e-03,-3.497487e-03
3.395625000e-03,-6.432160e-03,-3.497487e-03
3.396250000e-03,-5.628140e-03,-3.497487e-03
3.396875000e-03,4.020100e-03,-3.497487e-03
3.397500000e-03,1.608040e-03,-3.497487e-03
3.398125000e-03,-6.432160e-03,-3.497487e-03
3.398750000e-03,-2.814070e-03,-3.497487e-03
3.399375000e-03,4.020100e-03,-3.497487e-03
3.400000000e-03,0.000000e+00,-3.497487e-03
3.400625000e-03,-7.638190e-03,-3.497487e-03
3.401250000e-03,-1.206030e-03,-3.497487e-03
3.401875000e-03,5.628140e-03,-3.497487e-03
3.402500000e-03,-2.010050e-03,-3.497487e-03
3.403125000e-03,-8.040200e-03,-3.497487e-03
3.403750000e-03,0.000000e+00,-3.497487e-03
3.404375000e-03,6.030150e-03,-3.497487e-03
3.405000000e-03,-2.010050e-03,-3.497487e-03
3.405625000e-03,-6.834170e-03,-3.497487e-03
3.406250000e-03,1.608040e-03,-3.497487e-03
3.406875000e-03,3.618090e-03,-3.497487e-03
3.407500000e-03,-4.020100e-03,-3.497487e-03
3.408125000e-03,-5.628140e-03,-3.497487e-03
3.408750000e-03,3.618090e-03,-3.497487e-03
3.409375000e-03,3.216080e-03,-3.497487e-03
3.410000000e-03,-6.834170e-03,-3.497487e-03
3.410625000e-03,-4.422110e-03,-3.497487e-03
3.411250000e-03,4.422110e-03,-3.497487e-03
3.411875000e-03,2.010050e-03,-3.497487e-03
3.412500000e-03,-6.834170e-03,-3.497487e-03
3.413125000e-03,-4.020100e-03,-3.497487e-03
3.413750000e-03,4.824120e-03,-3.497487e-03
3.414375000e-03,-4.020100e-04,-3.497487e-03
3.415000000e-03,-6.432160e-03,-3.497487e-03
3.415625000e-03,-8.040200e-04,-3.497487e-03
3.416250000e-03,5.226130e-03,-3.497487e-03
3.416875000e-03,-1.608040e-03,-3.497487e-03
3.417500000e-03,-8.040200e-03,-3.497487e-03
3.418125000e-03,8.040200e-04,-3.497487e-03
3.418750000e-03,4.824120e-03,-3.497487e-03
3.419375000e-03,-3.216080e-03,-3.497487e-03
3.420000000e-03,-6.432160e-03,-3.497487e-03
3.420625000e-03,1.608040e-03,-3.497487e-03
3.421250000e-03,3.216080e-03,-3.497487e-03
3.421875000e-03,-5.226130e-03,-3.497487e-03
3.422500000e-03,-4.824120e-03,-3.497487e-03
3.423125000e-03,4.422110e-03,-3.497487e-03
3.423750000e-03,2.010050e-03,-3.497487e-03
3.424375000e-03,-6.432160e-03,-3.497487e-03
3.425000000e-03,-5.628140e-03,-3.497487e-03
3.425625000e-03,4.824120e-03,-3.497487e-03
3.426250000e-03,1.608040e-03,-3.497487e-03
3.426875000e-03,-6.432160e-03,-3.497487e-03
3.427500000e-03,-3.216080e-03,-3.497487e-03
3.428125000e-03,4.824120e-03,-3.497487e-03
3.428750000e-03,4.020100e-04,-3.497487e-03
3.429375000e-03,-7.638190e-03,-3.497487e-03
3.430000000e-03,-4.020100e-04,-3.497487e-03
3.430625000e-03,5.226130e-03,-3.497487e-03
3.431250000e-03,-2.010050e-03,-3.497487e-03
3.431875000e-03,-7.638190e-03,-3.497487e-03
3.432500000e-03,0.000000e+00,-3.497487e-03
3.433125000e-03,4.422110e-03,-3.497487e-03
3.433750000e-03,-3.216080e-03,-3.497487e-03
3.434375000e-03,-6.432160e-03,-3.497487e-03
3.435000000e-03,2.010050e-03,-3.497487e-03
3.435625000e-03,3.216080e-03,-3.497487e-03
3.436250000e-03,-4.020100e-03,-3.497487e-03
3.436875000e-03,-5.628140e-03,-3.497487e-03
3.437500000e-03,4.020100e-03,-3.497487e-03
3.438125000e-03,3.216080e-03,-3.497487e-03
3.438750000e-03,-6.432160e-03,-3.497487e-03
3.439375000e-03,-4.020100e-03,-3.497487e-03
3.440000000e-03,4.422110e-03,-3.497487e-03
3.440625000e-03,2.010050e-03,-3.497487e-03
3.441250000e-03,-7.236180e-03,-3.497487e-03
3.441875000e-03,-2.814070e-03,-3.497487e-03
3.442500000e-03,4.422110e-03,-3.497487e-03
3.443125000e-03,-8.040200e-04,-3.497487e-03
3.443750000e-03,-6.834170e-03,-3.497487e-03
3.444375000e-03,-8.040200e-04,-3.497487e-03
3.445000000e-03,5.226130e-03,-3.497487e-03
3.445625000e-03,-2.010050e-03,-3.497487e-03
3.446250000e-03,-7.638190e-03,-3.497487e-03
3.446875000e-03,1.608040e-03,-3.497487e-03
3.447500000e-03,4.422110e-03,-3.497487e-03
3.448125000e-03,-3.216080e-03,-3.497487e-03
3.448750000e-03,-6.834170e-03,-3.497487e-03
3.449375000e-03,2.010050e-03,-3.497487e-03
3.450000000e-03,3.216080e-03,-3.497487e-03
3.450625000e-03,-5.628140e-03,-3.497487e-03
3.451250000e-03,-4.422110e-03,-3.497487e-03
3.451875000e-03,4.422110e-03,-3.497487e-03
3.452500000e-03,2.010050e-03,-3.497487e-03
3.453125000e-03,-7.236180e-03,-3.497487e-03
3.453750000e-03,-4.422110e-03,-3.497487e-03
3.454375000e-03,5.226130e-03,-3.497487e-03
3.455000000e-03,4.020100e-04,-3.497487e-03
3.455625000e-03,-6.834170e-03,-3.497487e-03
3.456250000e-03,-2.412060e-03,-3.497487e-03
3.456875000e-03,4.422110e-03,-3.497487e-03
3.457500000e-03,-4.020100e-04,-3.497487e-03
3.458125000e-03,-7.638190e-03,-3.497487e-03
3.458750000e-03,0.000000e+00,-3.497487e-03
3.459375000e-03,5.226130e-03,-3.497487e-03
3.460000000e-03,-2.010050e-03,-3.497487e-03
3.460625000e-03,-7.236180e-03,-3.497487e-03
3.461250000e-03,4.020100e-04,-3.497487e-03
3.461875000e-03,5.226130e-03,-3.497487e-03
3.462500000e-03,-4.020100e-03,-3.497487e-03
3.463125000e-03,-6.030150e-03,-3.497487e-03
3.463750000e-03,2.010050e-03,-3.497487e-03
3.464375000e-03,2.412060e-03,-3.497487e-03
3.465000000e-03,-4.824120e-03,-3.497487e-03
3.465625000e-03,-5.226130e-03,-3.497487e-03
3.466250000e-03,4.824120e-03,-3.497487e-03
3.466875000e-03,1.608040e-03,-3.497487e-03
3.467500000e-03,-6.834170e-03,-3.497487e-03
3.468125000e-03,-3.618090e-03,-3.497487e-03
3.468750000e-03,5.226130e-03,-3.497487e-03
3.469375000e-03,1.206030e-03,-3.497487e-03
3.470000000e-03,-7.236180e-03,-3.497487e-03
3.470625000e-03,-2.010050e-03,-3.497487e-03
3.471250000e-03,5.226130e-03,-3.497487e-03
3.471875000e-03,-1.206030e-03,-3.497487e-03
3.472500000e-03,-6.432160e-03,-3.497487e-03
3.473125000e-03,-4.020100e-04,-3.497487e-03
3.473750000e-03,5.226130e-03,-3.497487e-03
3.474375000e-03,-2.814070e-03,-3.497487e-03
3.475000000e-03,-8.040200e-03,-3.497487e-03
3.475625000e-03,2.010050e-03,-3.497487e-03
3.476250000e-03,3.618090e-03,-3.497487e-03
3.476875000e-03,-3.216080e-03,-3.497487e-03
3.477500000e-03,-6.432160e-03,-3.497487e-03
3.478125000e-03,3.216080e-03,-3.497487e-03
3.478750000e-03,2.814070e-03,-3.497487e-03
3.479375000e-03,-6.432160e-03,-3.497487e-03
3.480000000e-03,-4.020100e-03,-3.497487e-03
3.480625000e-03,4.020100e-03,-3.497487e-03
3.481250000e-03,2.412060e-03,-3.497487e-03
3.481875000e-03,-6.834170e-03,-3.497487e-03
3.482500000e-03,-3.618090e-03,-3.497487e-03
3.483125000e-03,5.226130e-03,-3.497487e-03
3.483750000e-03,0.000000e+00,-3.497487e-03
3.484375000e-03,-6.030150e-03,-3.497487e-03
3.485000000e-03,-1.608040e-03,-3.497487e-03
3.485625000e-03,5.226130e-03,-3.497487e-03
3.486250000e-03,-1.206030e-03,-3.497487e-03
3.486875000e-03,-8.040200e-03,-3.497487e-03
3.487500000e-03,4.020100e-04,-3.497487e-03
3.488125000e-03,4.824120e-03,-3.497487e-03
3.488750000e-03,-3.216080e-03,-3.497487e-03
3.489375000e-03,-7.638190e-03,-3.497487e-03
3.490000000e-03,1.608040e-03,-3.497487e-03
3.490625000e-03,4.824120e-03,-3.497487e-03
3.491250000e-03,-4.422110e-03,-3.497487e-03
3.491875000e-03,-5.226130e-03,-3.497487e-03
3.492500000e-03,2.412060e-03,-3.497487e-03
3.493125000e-03,2.814070e-03,-3.497487e-03
3.493750000e-03,-4.824120e-03,-3.497487e-03
3.494375000e-03,-5.628140e-03,-3.497487e-03
3.495000000e-03,4.422110e-03,-3.497487e-03
3.495625000e-03,1.206030e-03,-3.497487e-03
3.496250000e-03,-6.834170e-03,-3.497487e-03
3.496875000e-03,-2.814070e-03,-3.497487e-03
3.497500000e-03,4.422110e-03,-3.497487e-03
3.498125000e-03,4.020100e-04,-3.497487e-03
3.498750000e-03,-8.040200e-03,-3.497487e-03
3.499375000e-03,-1.206030e-03,-3.497487e-03
3.500000000e-03,5.226130e-03,-3.497487e-03
3.500625000e-03,-1.608040e-03,-3.497487e-03
3.501250000e-03,-6.834170e-03,-3.497487e-03
3.501875000e-03,-4.020100e-04,-3.497487e-03
3.502500000e-03,5.226130e-03,-3.497487e-03
3.503125000e-03,-3.216080e-03,-3.497487e-03
3.503750000e-03,-6.834170e-03,-3.497487e-03
3.504375000e-03,2.010050e-03,-3.497487e-03
3.505000000e-03,3.618090e-03,-3.497487e-03
3.505625000e-03,-3.618090e-03,-3.497487e-03
3.506250000e-03,-5.628140e-03,-3.497487e-03
3.506875000e-03,2.814070e-03,-3.497487e-03
3.507500000e-03,2.412060e-03,-3.497487e-03
3.508125000e-03,-6.432160e-03,-3.497487e-03
3.508750000e-03,-3.618090e-03,-3.497487e-03
3.509375000e-03,4.020100e-03,-3.497487e-03
3.510000000e-03,1.206030e-03,-3.497487e-03
3.510625000e-03,-7.236180e-03,-3.497487e-03
3.511250000e-03,-2.814070e-03,-3.497487e-03
3.511875000e-03,5.628140e-03,-3.497487e-03
3.512500000e-03,-4.020100e-04,-3.497487e-03
3.513125000e-03,-6.432160e-03,-3.497487e-03
3.513750000e-03,-2.010050e-03,-3.497487e-03
3.514375000e-03,5.226130e-03,-3.497487e-03
3.515000000e-03,-1.206030e-03,-3.497487e-03
3.515625000e-03,-7.236180e-03,-3.497487e-03
3.516250000e-03,8.040200e-04,-3.497487e-03
3.516875000e-03,4.020100e-03,-3.497487e-03
3.517500000e-03,-3.216080e-03,-3.497487e-03
3.518125000e-03,-6.432160e-03,-3.497487e-03
3.518750000e-03,2.010050e-03,-3.497487e-03
3.519375000e-03,4.422110e-03,-3.497487e-03
3.520000000e-03,-4.824120e-03,-3.497487e-03
3.520625000e-03,-5.628140e-03,-3.497487e-03
3.521250000e-03,2.010050e-03,-3.497487e-03
3.521875000e-03,2.412060e-03,-3.497487e-03
3.522500000e-03,-4.824120e-03,-3.497487e-03
3.523125000e-03,-4.824120e-03,-3.497487e-03
3.523750000e-03,4.824120e-03,-3.497487e-03
3.524375000e-03,8.040200e-04,-3.497487e-03
3.525000000e-03,-6.432160e-03,-3.497487e-03
3.525625000e-03,-3.216080e-03,-3.497487e-03
3.526250000e-03,4.824120e-03,-3.497487e-03
3.526875000e-03,0.000000e+00,-3.497487e-03
3.527500000e-03,-7.638190e-03,-3.497487e-03
3.528125000e-03,-8.040200e-04,-3.497487e-03
3.528750000e-03,4.422110e-03,-3.497487e-03
3.529375000e-03,-2.010050e-03,-3.497487e-03
3.530000000e-03,-6.432160e-03,-3.497487e-03
3.530625000e-03,4.020100e-04,-3.497487e-03
3.531250000e-03,4.422110e-03,-3.497487e-03
3.531875000e-03,-3.618090e-03,-3.497487e-03
3.532500000e-03,-6.432160e-03,-3.497487e-03
3.533125000e-03,2.010050e-03,-3.497487e-03
3.533750000e-03,3.216080e-03,-3.497487e-03
3.534375000e-03,-4.422110e-03,-3.497487e-03
3.535000000e-03,-5.628140e-03,-3.497487e-03
3.535625000e-03,3.618090e-03,-3.497487e-03
3.536250000e-03,2.010050e-03,-3.497487e-03
3.536875000e-03,-6.030150e-03,-3.497487e-03
3.537500000e-03,-3.216080e-03,-3.497487e-03
3.538125000e-03,4.020100e-03,-3.497487e-03
3.538750000e-03,1.206030e-03,-3.497487e-03
3.539375000e-03,-7.236180e-03,-3.497487e-03
3.540000000e-03,-2.814070e-03,-3.497487e-03
3.540625000e-03,4.422110e-03,-3.497487e-03
3.541250000e-03,-1.206030e-03,-3.497487e-03
3.541875000e-03,-6.834170e-03,-3.497487e-03
3.542500000e-03,-4.020100e-04,-3.497487e-03
3.543125000e-03,4.824120e-03,-3.497487e-03
3.543750000e-03,-2.412060e-03,-3.497487e-03
3.544375000e-03,-7.638190e-03,-3.497487e-03
3.545000000e-03,1.206030e-03,-3.497487e-03
3.545625000e-03,4.020100e-03,-3.497487e-03
3.546250000e-03,-3.216080e-03,-3.497487e-03
3.546875000e-03,-6.432160e-03,-3.497487e-03
3.547500000e-03,2.010050e-03,-3.497487e-03
3.548125000e-03,3.618090e-03,-3.497487e-03
3.548750000e-03,-5.628140e-03,-3.497487e-03
3.549375000e-03,-4.824120e-03,-3.497487e-03
3.550000000e-03,3.618090e-03,-3.497487e-03
3.550625000e-03,1.608040e-03,-3.497487e-03
3.551250000e-03,-6.432160e-03,-3.497487e-03
3.551875000e-03,-4.020100e-03,-3.497487e-03
3.552500000e-03,4.824120e-03,-3.497487e-03
3.553125000e-03,4.020100e-04,-3.497487e-03
3.553750000e-03,-6.030150e-03,-3.497487e-03
3.554375000e-03,-2.814070e-03,-3.497487e-03
3.555000000e-03,4.422110e-03,-3.497487e-03
3.555625000e-03,0.000000e+00,-3.497487e-03
3.556250000e-03,-6.834170e-03,-3.497487e-03
3.556875000e-03,-4.020100e-04,-3.497487e-03
3.557500000e-03,4.824120e-03,-3.497487e-03
3.558125000e-03,-2.010050e-03,-3.497487e-03
3.558750000e-03,-7.236180e-03,-3.497487e-03
3.559375000e-03,8.040200e-04,-3.497487e-03
3.560000000e-03,4.824120e-03,-3.497487e-03
3.560625000e-03,-4.020100e-03,-3.497487e-03
3.561250000e-03,-6.030150e-03,-3.497487e-03
3.561875000e-03,2.412060e-03,-3.497487e-03
3.562500000e-03,2.814070e-03,-3.497487e-03
3.563125000e-03,-5.226130e-03,-3.497487e-03
3.563750000e-03,-5.226130e-03,-3.497487e-03
3.564375000e-03,4.020100e-03,-3.497487e-03
3.565000000e-03,1.206030e-03,-3.497487e-03
3.565625000e-03,-6.030150e-03,-3.497487e-03
3.566250000e-03,-4.020100e-03,-3.497487e-03
3.566875000e-03,4.824120e-03,-3.497487e-03
3.567500000e-03,4.020100e-04,-3.497487e-03
3.568125000e-03,-7.236180e-03,-3.497487e-03
3.568750000e-03,-1.608040e-03,-3.497487e-03
3.569375000e-03,4.824120e-03,-3.497487e-03
3.570000000e-03,-1.206030e-03,-3.497487e-03
3.570625000e-03,-6.834170e-03,-3.497487e-03
3.571250000e-03,0.000000e+00,-3.497487e-03
3.571875000e-03,4.824120e-03,-3.497487e-03
3.572500000e-03,-2.814070e-03,-3.497487e-03
3.573125000e-03,-6.432160e-03,-3.497487e-03
3.573750000e-03,1.206030e-03,-3.497487e-03
3.574375000e-03,3.618090e-03,-3.497487e-03
3.575000000e-03,-3.618090e-03,-3.497487e-03
3.575625000e-03,-7.236180e-03,-3.497487e-03
3.576250000e-03,2.412060e-03,-3.497487e-03
3.576875000e-03,2.412060e-03,-3.497487e-03
3.577500000e-03,-5.226130e-03,-3.497487e-03
3.578125000e-03,-4.020100e-03,-3.497487e-03
3.578750000e-03,3.618090e-03,-3.497487e-03
3.579375000e-03,1.608040e-03,-3.497487e-03
3.580000000e-03,-6.834170e-03,-3.497487e-03
3.580625000e-03,-3.618090e-03,-3.497487e-03
3.581250000e-03,4.824120e-03,-3.497487e-03
3.581875000e-03,0.000000e+00,-3.497487e-03
3.582500000e-03,-6.834170e-03,-3.497487e-03
3.583125000e-03,-2.010050e-03,-3.497487e-03
3.583750000e-03,5.628140e-03,-3.497487e-03
3.584375000e-03,-8.040200e-04,-3.497487e-03
3.585000000e-03,-7.236180e-03,-3.497487e-03
3.585625000e-03,0.000000e+00,-3.497487e-03
3.586250000e-03,3.618090e-03,-3.497487e-03
3.586875000e-03,-2.412060e-03,-3.497487e-03
3.587500000e-03,-6.834170e-03,-3.497487e-03
3.588125000e-03,2.010050e-03,-3.497487e-03
3.588750000e-03,3.618090e-03,-3.497487e-03
3.589375000e-03,-4.422110e-03,-3.497487e-03
3.590000000e-03,-6.030150e-03,-3.497487e-03
3.590625000e-03,2.412060e-03,-3.497487e-03
3.591250000e-03,2.814070e-03,-3.497487e-03
3.591875000e-03,-5.226130e-03,-3.497487e-03
3.592500000e-03,-4.824120e-03,-3.497487e-03
3.593125000e-03,4.020100e-03,-3.497487e-03
3.593750000e-03,8.040200e-04,-3.497487e-03
3.594375000e-03,-6.432160e-03,-3.497487e-03
3.595000000e-03,-3.216080e-03,-3.497487e-03
3.595625000e-03,4.422110e-03,-3.497487e-03
3.596250000e-03,0.000000e+00,-3.497487e-03
3.596875000e-03,-7.236180e-03,-3.497487e-03
3.597500000e-03,-1.206030e-03,-3.497487e-03
3.598125000e-03,4.422110e-03,-3.497487e-03
3.598750000e-03,-1.608040e-03,-3.497487e-03
3.599375000e-03,-6.432160e-03,-3.497487e-03
3.600000000e-03,8.040200e-04,-3.497487e-03
3.600625000e-03,5.226130e-03,-3.497487e-03
3.601250000e-03,-4.422110e-03,-3.497487e-03
3.601875000e-03,-6.432160e-03,-3.497487e-03
3.602500000e-03,1.608040e-03,-3.497487e-03
3.603125000e-03,4.020100e-03,-3.497487e-03
3.603750000e-03,-4.422110e-03,-3.497487e-03
3.604375000e-03,-6.432160e-03,-3.497487e-03
3.605000000e-03,3.216080e-03,-3.497487e-03
3.605625000e-03,1.608040e-03,-3.497487e-03
3.606250000e-03,-4.824120e-03,-3.497487e-03
3.606875000e-03,-4.020100e-03,-3.497487e-03
3.607500000e-03,3.618090e-03,-3.497487e-03
3.608125000e-03,8.040200e-04,-3.497487e-03
3.608750000e-03,-7.236180e-03,-3.497487e-03
3.609375000e-03,-2.010050e-03,-3.497487e-03
3.610000000e-03,4.824120e-03,-3.497487e-03
3.610625000e-03,-4.020100e-04,-3.497487e-03
3.611250000e-03,-6.834170e-03,-3.497487e-03
3.611875000e-03,-1.608040e-03,-3.497487e-03
3.612500000e-03,4.824120e-03,-3.497487e-03
3.613125000e-03,-1.608040e-03,-3.497487e-03
3.613750000e-03,-6.432160e-03,-3.497487e-03
3.614375000e-03,0.000000e+00,-3.497487e-03
3.615000000e-03,4.020100e-03,-3.497487e-03
3.615625000e-03,-2.412060e-03,-3.497487e-03
3.616250000e-03,-7.638190e-03,-3.497487e-03
3.616875000e-03,1.608040e-03,-3.497487e-03
3.617500000e-03,3.216080e-03,-3.497487e-03
3.618125000e-03,-4.422110e-03,-3.497487e-03
3.618750000e-03,-5.628140e-03,-3.497487e-03
3.619375000e-03,2.412060e-03,-3.497487e-03
3.620000000e-03,3.216080e-03,-3.497487e-03
3.620625000e-03,-5.628140e-03,-3.497487e-03
3.621250000e-03,-3.618090e-03,-3.497487e-03
3.621875000e-03,4.020100e-03,-3.497487e-03
3.622500000e-03,4.020100e-04,-3.497487e-03
3.623125000e-03,-6.432160e-03,-3.497487e-03
3.623750000e-03,-3.216080e-03,-3.497487e-03
3.624375000e-03,5.226130e-03,-3.497487e-03
3.625000000e-03,0.000000e+00,-3.497487e-03
3.625625000e-03,-7.236180e-03,-3.497487e-03
3.626250000e-03,-1.206030e-03,-3.497487e-03
3.626875000e-03,4.020100e-03,-3.497487e-03
3.627500000e-03,-1.206030e-03,-3.497487e-03
3.628125000e-03,-7.236180e-03,-3.497487e-03
3.628750000e-03,8.040200e-04,-3.497487e-03
3.629375000e-03,4.020100e-03,-3.497487e-03
3.630000000e-03,-4.422110e-03,-3.497487e-03
3.630625000e-03,-6.432160e-03,-3.497487e-03
3.631250000e-03,2.010050e-03,-3.497487e-03
3.631875000e-03,4.422110e-03,-3.497487e-03
3.632500000e-03,-4.824120e-03,-3.497487e-03
3.633125000e-03,-5.628140e-03,-3.497487e-03
3.633750000e-03,3.618090e-03,-3.497487e-03
3.634375000e-03,1.206030e-03,-3.497487e-03
3.635000000e-03,-4.824120e-03,-3.497487e-03
3.635625000e-03,-4.824120e-03,-3.497487e-03
3.636250000e-03,4.422110e-03,-3.497487e-03
3.636875000e-03,4.020100e-04,-3.497487e-03
3.637500000e-03,-7.638190e-03,-3.497487e-03
3.638125000e-03,-1.608040e-03,-3.497487e-03
3.638750000e-03,5.226130e-03,-3.497487e-03
3.639375000e-03,0.000000e+00,-3.497487e-03
3.640000000e-03,-7.638190e-03,-3.497487e-03
3.640625000e-03,-8.040200e-04,-3.497487e-03
3.641250000e-03,5.226130e-03,-3.497487e-03
3.641875000e-03,-3.216080e-03,-3.497487e-03
3.642500000e-03,-6.834170e-03,-3.497487e-03
3.643125000e-03,8.040200e-04,-3.497487e-03
3.643750000e-03,4.020100e-03,-3.497487e-03
3.644375000e-03,-3.618090e-03,-3.497487e-03
3.645000000e-03,-6.432160e-03,-3.497487e-03
3.645625000e-03,3.216080e-03,-3.497487e-03
3.646250000e-03,3.216080e-03,-3.497487e-03
3.646875000e-03,-4.422110e-03,-3.497487e-03
3.647500000e-03,-5.628140e-03,-3.497487e-03
3.648125000e-03,2.814070e-03,-3.497487e-03
3.648750000e-03,2.010050e-03,-3.497487e-03
3.649375000e-03,-6.030150e-03,-3.497487e-03
3.650000000e-03,-3.216080e-03,-3.497487e-03
3.650625000e-03,4.020100e-03,-3.497487e-03
3.651250000e-03,0.000000e+00,-3.497487e-03
3.651875000e-03,-6.030150e-03,-3.497487e-03
3.652500000e-03,-2.010050e-03,-3.497487e-03
3.653125000e-03,5.226130e-03,-3.497487e-03
3.653750000e-03,-8.040200e-04,-3.497487e-03
3.654375000e-03,-6.432160e-03,-3.497487e-03
3.655000000e-03,-8.040200e-04,-3.497487e-03
3.655625000e-03,4.020100e-03,-3.497487e-03
3.656250000e-03,-2.010050e-03,-3.497487e-03
3.656875000e-03,-6.432160e-03,-3.497487e-03
3.657500000e-03,1.608040e-03,-3.497487e-03
3.658125000e-03,4.020100e-03,-3.497487e-03
3.658750000e-03,-4.422110e-03,-3.497487e-03
3.659375000e-03,-5.628140e-03,-3.497487e-03
3.660000000e-03,2.010050e-03,-3.497487e-03
3.660625000e-03,3.618090e-03,-3.497487e-03
3.661250000e-03,-6.030150e-03,-3.497487e-03
3.661875000e-03,-5.226130e-03,-3.497487e-03
3.662500000e-03,3.618090e-03,-3.497487e-03
3.663125000e-03,1.206030e-03,-3.497487e-03
3.663750000e-03,-4.824120e-03,-3.497487e-03
3.664375000e-03,-3.618090e-03,-3.497487e-03
3.665000000e-03,4.422110e-03,-3.497487e-03
3.665625000e-03,0.000000e+00,-3.497487e-03
3.666250000e-03,-7.236180e-03,-3.497487e-03
3.666875000e-03,-1.206030e-03,-3.497487e-03
3.667500000e-03,4.422110e-03,-3.497487e-03
3.668125000e-03,-8.040200e-04,-3.497487e-03
3.668750000e-03,-7.236180e-03,-3.497487e-03
3.669375000e-03,0.000000e+00,-3.497487e-03
3.670000000e-03,5.226130e-03,-3.497487e-03
3.670625000e-03,-3.216080e-03,-3.497487e-03
3.671250000e-03,-6.030150e-03,-3.497487e-03
3.671875000e-03,1.206030e-03,-3.497487e-03
3.672500000e-03,4.020100e-03,-3.497487e-03
3.673125000e-03,-4.020100e-03,-3.497487e-03
3.673750000e-03,-6.834170e-03,-3.497487e-03
3.674375000e-03,2.814070e-03,-3.497487e-03
3.675000000e-03,2.814070e-03,-3.497487e-03
3.675625000e-03,-5.628140e-03,-3.497487e-03
3.676250000e-03,-5.226130e-03,-3.497487e-03
3.676875000e-03,3.618090e-03,-3.497487e-03
3.677500000e-03,2.010050e-03,-3.497487e-03
3.678125000e-03,-6.030150e-03,-3.497487e-03
3.678750000e-03,-2.412060e-03,-3.497487e-03
3.679375000e-03,3.618090e-03,-3.497487e-03
3.680000000e-03,0.000000e+00,-3.497487e-03
3.680625000e-03,-6.432160e-03,-3.497487e-03
3.681250000e-03,-2.010050e-03,-3.497487e-03
3.681875000e-03,4.422110e-03,-3.497487e-03
3.682500000e-03,-1.608040e-03,-3.497487e-03
3.683125000e-03,-6.432160e-03,-3.497487e-03
3.683750000e-03,0.000000e+00,-3.497487e-03
3.684375000e-03,4.422110e-03,-3.497487e-03
3.685000000e-03,-2.412060e-03,-3.497487e-03
3.685625000e-03,-7.236180e-03,-3.497487e-03
3.686250000e-03,2.010050e-03,-3.497487e-03
3.686875000e-03,3.216080e-03,-3.497487e-03
3.687500000e-03,-4.422110e-03,-3.497487e-03
3.688125000e-03,-5.226130e-03,-3.497487e-03
3.688750000e-03,2.814070e-03,-3.497487e-03
3.689375000e-03,3.216080e-03,-3.497487e-03
3.690000000e-03,-5.628140e-03,-3.497487e-03
3.690625000e-03,-4.422110e-03,-3.497487e-03
3.691250000e-03,2.814070e-03,-3.497487e-03
3.691875000e-03,1.608040e-03,-3.497487e-03
3.692500000e-03,-5.628140e-03,-3.497487e-03
3.693125000e-03,-3.618090e-03,-3.497487e-03
3.693750000e-03,4.824120e-03,-3.497487e-03
3.694375000e-03,0.000000e+00,-3.497487e-03
3.695000000e-03,-7.236180e-03,-3.497487e-03
3.695625000e-03,-1.206030e-03,-3.497487e-03
3.696250000e-03,4.824120e-03,-3.497487e-03
3.696875000e-03,-1.206030e-03,-3.497487e-03
3.697500000e-03,-8.040200e-03,-3.497487e-03
3.698125000e-03,4.020100e-04,-3.497487e-03
3.698750000e-03,4.422110e-03,-3.497487e-03
3.699375000e-03,-3.216080e-03,-3.497487e-03
3.700000000e-03,-5.628140e-03,-3.497487e-03
3.700625000e-03,1.608040e-03,-3.497487e-03
3.701250000e-03,3.216080e-03,-3.497487e-03
3.701875000e-03,-4.422110e-03,-3.497487e-03
3.702500000e-03,-5.628140e-03,-3.497487e-03
3.703125000e-03,3.618090e-03,-3.497487e-03
3.703750000e-03,2.010050e-03,-3.497487e-03
3.704375000e-03,-5.226130e-03,-3.497487e-03
3.705000000e-03,-4.824120e-03,-3.497487e-03
3.705625000e-03,4.422110e-03,-3.497487e-03
3.706250000e-03,1.608040e-03,-3.497487e-03
3.706875000e-03,-6.432160e-03,-3.497487e-03
3.707500000e-03,-2.814070e-03,-3.497487e-03
3.708125000e-03,3.216080e-03,-3.497487e-03
3.708750000e-03,0.000000e+00,-3.497487e-03
3.709375000e-03,-6.834170e-03,-3.497487e-03
3.710000000e-03,-1.608040e-03,-3.497487e-03
3.710625000e-03,4.824120e-03,-3.497487e-03
3.711250000e-03,-1.608040e-03,-3.497487e-03
3.711875000e-03,-5.628140e-03,-3.497487e-03
3.712500000e-03,0.000000e+00,-3.497487e-03
3.713125000e-03,4.422110e-03,-3.497487e-03
3.713750000e-03,-2.814070e-03,-3.497487e-03
3.714375000e-03,-6.432160e-03,-3.497487e-03
3.715000000e-03,2.412060e-03,-3.497487e-03
3.715625000e-03,2.814070e-03,-3.497487e-03
3.716250000e-03,-4.020100e-03,-3.497487e-03
3.716875000e-03,-4.824120e-03,-3.497487e-03
3.717500000e-03,3.216080e-03,-3.497487e-03
3.718125000e-03,2.412060e-03,-3.497487e-03
3.718750000e-03,-6.030150e-03,-3.497487e-03
3.719375000e-03,-3.618090e-03,-3.497487e-03
3.720000000e-03,3.618090e-03,-3.497487e-03
3.720625000e-03,1.206030e-03,-3.497487e-03
3.721250000e-03,-6.030150e-03,-3.497487e-03
3.721875000e-03,-3.216080e-03,-3.497487e-03
3.722500000e-03,4.422110e-03,-3.497487e-03
3.723125000e-03,-8.040200e-04,-3.497487e-03
3.723750000e-03,-6.834170e-03,-3.497487e-03
3.724375000e-03,-8.040200e-04,-3.497487e-03
3.725000000e-03,4.020100e-03,-3.497487e-03
3.725625000e-03,-2.010050e-03,-3.497487e-03
3.726250000e-03,-7.236180e-03,-3.497487e-03
3.726875000e-03,1.206030e-03,-3.497487e-03
3.727500000e-03,3.216080e-03,-3.497487e-03
3.728125000e-03,-3.618090e-03,-3.497487e-03
3.728750000e-03,-4.824120e-03,-3.497487e-03
3.729375000e-03,1.608040e-03,-3.497487e-03
3.730000000e-03,3.618090e-03,-3.497487e-03
3.730625000e-03,-5.226130e-03,-3.497487e-03
3.731250000e-03,-5.226130e-03,-3.497487e-03
3.731875000e-03,3.216080e-03,-3.497487e-03
3.732500000e-03,2.814070e-03,-3.497487e-03
3.733125000e-03,-6.030150e-03,-3.497487e-03
3.733750000e-03,-5.226130e-03,-3.497487e-03
3.734375000e-03,4.824120e-03,-3.497487e-03
3.735000000e-03,8.040200e-04,-3.497487e-03
3.735625000e-03,-6.432160e-03,-3.497487e-03
3.736250000e-03,-2.010050e-03,-3.497487e-03
3.736875000e-03,3.618090e-03,-3.497487e-03
3.737500000e-03,-4.020100e-04,-3.497487e-03
3.738125000e-03,-7.236180e-03,-3.497487e-03
3.738750000e-03,-4.020100e-04,-3.497487e-03
3.739375000e-03,4.020100e-03,-3.497487e-03
3.740000000e-03,-2.412060e-03,-3.497487e-03
3.740625000e-03,-5.628140e-03,-3.497487e-03
3.741250000e-03,0.000000e+00,-3.497487e-03
3.741875000e-03,4.422110e-03,-3.497487e-03
3.742500000e-03,-2.814070e-03,-3.497487e-03
3.743125000e-03,-6.432160e-03,-3.497487e-03
3.743750000e-03,2.010050e-03,-3.497487e-03
3.744375000e-03,2.814070e-03,-3.497487e-03
3.745000000e-03,-4.422110e-03,-3.497487e-03
3.745625000e-03,-6.030150e-03,-3.497487e-03
3.746250000e-03,3.618090e-03,-3.497487e-03
3.746875000e-03,1.608040e-03,-3.497487e-03
3.747500000e-03,-6.432160e-03,-3.497487e-03
3.748125000e-03,-2.814070e-03,-3.497487e-03
3.748750000e-03,4.020100e-03,-3.497487e-03
3.749375000e-03,1.206030e-03,-3.497487e-03
3.750000000e-03,-5.628140e-03,-3.497487e-03
3.750625000e-03,-1.608040e-03,-3.497487e-03
3.751250000e-03,4.422110e-03,-3.497487e-03
3.751875000e-03,-2.010050e-03,-3.497487e-03
3.752500000e-03,-6.432160e-03,-3.497487e-03
3.753125000e-03,0.000000e+00,-3.497487e-03
3.753750000e-03,4.422110e-03,-3.497487e-03
3.754375000e-03,-2.814070e-03,-3.497487e-03
3.755000000e-03,-6.834170e-03,-3.497487e-03
3.755625000e-03,1.608040e-03,-3.497487e-03
3.756250000e-03,3.216080e-03,-3.497487e-03
3.756875000e-03,-3.216080e-03,-3.497487e-03
3.757500000e-03,-5.226130e-03,-3.497487e-03
3.758125000e-03,1.608040e-03,-3.497487e-03
3.758750000e-03,2.412060e-03,-3.497487e-03
3.759375000e-03,-6.030150e-03,-3.497487e-03
3.760000000e-03,-3.618090e-03,-3.497487e-03
3.760625000e-03,3.618090e-03,-3.497487e-03
3.761250000e-03,1.206030e-03,-3.497487e-03
3.761875000e-03,-6.030150e-03,-3.497487e-03
3.762500000e-03,-3.216080e-03,-3.497487e-03
3.763125000e-03,4.422110e-03,-3.497487e-03
3.763750000e-03,4.020100e-04,-3.497487e-03
3.764375000e-03,-6.030150e-03,-3.497487e-03
3.765000000e-03,-2.010050e-03,-3.497487e-03
3.765625000e-03,2.814070e-03,-3.497487e-03
3.766250000e-03,-1.206030e-03,-3.497487e-03
3.766875000e-03,-6.834170e-03,-3.497487e-03
3.767500000e-03,4.020100e-04,-3.497487e-03
3.768125000e-03,4.422110e-03,-3.497487e-03
3.768750000e-03,-2.412060e-03,-3.497487e-03
3.769375000e-03,-6.030150e-03,-3.497487e-03
3.770000000e-03,1.206030e-03,-3.497487e-03
3.770625000e-03,4.824120e-03,-3.497487e-03
3.771250000e-03,-4.020100e-03,-3.497487e-03
3.771875000e-03,-5.628140e-03,-3.497487e-03
3.772500000e-03,2.010050e-03,-3.497487e-03
3.773125000e-03,1.608040e-03,-3.497487e-03
3.773750000e-03,-4.824120e-03,-3.497487e-03
3.774375000e-03,-4.824120e-03,-3.497487e-03
3.775000000e-03,4.422110e-03,-3.497487e-03
3.775625000e-03,2.010050e-03,-3.497487e-03
3.776250000e-03,-5.628140e-03,-3.497487e-03
3.776875000e-03,-2.814070e-03,-3.497487e-03
3.777500000e-03,3.618090e-03,-3.497487e-03
3.778125000e-03,4.020100e-04,-3.497487e-03
3.778750000e-03,-6.030150e-03,-3.497487e-03
3.779375000e-03,-1.608040e-03,-3.497487e-03
3.780000000e-03,4.020100e-03,-3.497487e-03
3.780625000e-03,-1.608040e-03,-3.497487e-03
3.781250000e-03,-6.432160e-03,-3.497487e-03
3.781875000e-03,0.000000e+00,-3.497487e-03
3.782500000e-03,5.226130e-03,-3.497487e-03
3.783125000e-03,-2.412060e-03,-3.497487e-03
3.783750000e-03,-6.834170e-03,-3.497487e-03
3.784375000e-03,1.206030e-03,-3.497487e-03
3.785000000e-03,2.412060e-03,-3.497487e-03
3.785625000e-03,-3.618090e-03,-3.497487e-03
3.786250000e-03,-5.628140e-03,-3.497487e-03
3.786875000e-03,2.010050e-03,-3.497487e-03
3.787500000e-03,2.412060e-03,-3.497487e-03
3.788125000e-03,-5.628140e-03,-3.497487e-03
3.788750000e-03,-3.618090e-03,-3.497487e-03
3.789375000e-03,3.618090e-03,-3.497487e-03
3.790000000e-03,1.608040e-03,-3.497487e-03
3.790625000e-03,-6.030150e-03,-3.497487e-03
3.791250000e-03,-3.618090e-03,-3.497487e-03
3.791875000e-03,4.422110e-03,-3.497487e-03
3.792500000e-03,-4.020100e-04,-3.497487e-03
3.793125000e-03,-6.030150e-03,-3.497487e-03
3.793750000e-03,-1.206030e-03,-3.497487e-03
3.794375000e-03,3.216080e-03,-3.497487e-03
3.795000000e-03,-8.040200e-04,-3.497487e-03
3.795625000e-03,-6.432160e-03,-3.497487e-03
3.796250000e-03,4.020100e-04,-3.497487e-03
3.796875000e-03,3.216080e-03,-3.497487e-03
3.797500000e-03,-3.216080e-03,-3.497487e-03
3.798125000e-03,-6.030150e-03,-3.497487e-03
3.798750000e-03,1.206030e-03,-3.497487e-03
3.799375000e-03,3.618090e-03,-3.497487e-03
3.800000000e-03,-4.020100e-03,-3.497487e-03
3.800625000e-03,-4.422110e-03,-3.497487e-03
3.801250000e-03,2.412060e-03,-3.497487e-03
3.801875000e-03,2.412060e-03,-3.497487e-03
3.802500000e-03,-4.422110e-03,-3.497487e-03
3.803125000e-03,-4.824120e-03,-3.497487e-03
3.803750000e-03,4.020100e-03,-3.497487e-03
3.804375000e-03,8.040200e-04,-3.497487e-03
3.805000000e-03,-6.432160e-03,-3.497487e-03
3.805625000e-03,-3.216080e-03,-3.497487e-03
3.806250000e-03,4.422110e-03,-3.497487e-03
3.806875000e-03,8.040200e-04,-3.497487e-03
3.807500000e-03,-7.236180e-03,-3.497487e-03
3.808125000e-03,-1.206030e-03,-3.497487e-03
3.808750000e-03,3.618090e-03,-3.497487e-03
3.809375000e-03,-1.608040e-03,-3.497487e-03
3.810000000e-03,-6.030150e-03,-3.497487e-03
3.810625000e-03,-4.020100e-04,-3.497487e-03
3.811250000e-03,4.824120e-03,-3.497487e-03
3.811875000e-03,-3.618090e-03,-3.497487e-03
3.812500000e-03,-6.432160e-03,-3.497487e-03
3.813125000e-03,2.010050e-03,-3.497487e-03
3.813750000e-03,3.618090e-03,-3.497487e-03
3.814375000e-03,-3.216080e-03,-3.497487e-03
3.815000000e-03,-5.226130e-03,-3.497487e-03
3.815625000e-03,2.412060e-03,-3.497487e-03
3.816250000e-03,1.608040e-03,-3.497487e-03
3.816875000e-03,-5.628140e-03,-3.497487e-03
3.817500000e-03,-3.618090e-03,-3.497487e-03
3.818125000e-03,3.618090e-03,-3.497487e-03
3.818750000e-03,1.206030e-03,-3.497487e-03
3.819375000e-03,-6.834170e-03,-3.497487e-03
3.820000000e-03,-2.814070e-03,-3.497487e-03
3.820625000e-03,4.824120e-03,-3.497487e-03
3.821250000e-03,-4.020100e-04,-3.497487e-03
3.821875000e-03,-5.628140e-03,-3.497487e-03
3.822500000e-03,-1.608040e-03,-3.497487e-03
3.823125000e-03,4.020100e-03,-3.497487e-03
3.823750000e-03,-1.608040e-03,-3.497487e-03
3.824375000e-03,-7.236180e-03,-3.497487e-03
3.825000000e-03,1.206030e-03,-3.497487e-03
3.825625000e-03,3.618090e-03,-3.497487e-03
3.826250000e-03,-3.216080e-03,-3.497487e-03
3.826875000e-03,-6.432160e-03,-3.497487e-03
3.827500000e-03,1.608040e-03,-3.497487e-03
3.828125000e-03,2.814070e-03,-3.497487e-03
3.828750000e-03,-5.226130e-03,-3.497487e-03
3.829375000e-03,-4.020100e-03,-3.497487e-03
3.830000000e-03,2.814070e-03,-3.497487e-03
3.830625000e-03,1.206030e-03,-3.497487e-03
3.831250000e-03,-5.628140e-03,-3.497487e-03
3.831875000e-03,-3.618090e-03,-3.497487e-03
3.832500000e-03,4.422110e-03,-3.497487e-03
3.833125000e-03,0.000000e+00,-3.497487e-03
3.833750000e-03,-6.834170e-03,-3.497487e-03
3.834375000e-03,-2.412060e-03,-3.497487e-03
3.835000000e-03,4.422110e-03,-3.497487e-03
3.835625000e-03,0.000000e+00,-3.497487e-03
3.836250000e-03,-6.834170e-03,-3.497487e-03
3.836875000e-03,0.000000e+00,-3.497487e-03
3.837500000e-03,3.618090e-03,-3.497487e-03
3.838125000e-03,-2.010050e-03,-3.497487e-03
3.838750000e-03,-6.030150e-03,-3.497487e-03
3.839375000e-03,4.020100e-04,-3.497487e-03
3.840000000e-03,4.020100e-03,-3.497487e-03
3.840625000e-03,-3.216080e-03,-3.497487e-03
3.841250000e-03,-5.628140e-03,-3.497487e-03
3.841875000e-03,1.206030e-03,-3.497487e-03
3.842500000e-03,2.412060e-03,-3.497487e-03
3.843125000e-03,-3.618090e-03,-3.497487e-03
3.843750000e-03,-5.226130e-03,-3.497487e-03
3.844375000e-03,3.216080e-03,-3.497487e-03
3.845000000e-03,1.206030e-03,-3.497487e-03
3.845625000e-03,-5.628140e-03,-3.497487e-03
3.846250000e-03,-2.814070e-03,-3.497487e-03
3.846875000e-03,3.216080e-03,-3.497487e-03
3.847500000e-03,8.040200e-04,-3.497487e-03
3.848125000e-03,-6.432160e-03,-3.497487e-03
3.848750000e-03,-2.010050e-03,-3.497487e-03
3.849375000e-03,4.422110e-03,-3.497487e-03
3.850000000e-03,-8.040200e-04,-3.497487e-03
3.850625000e-03,-6.030150e-03,-3.497487e-03
3.851250000e-03,-1.608040e-03,-3.497487e-03
3.851875000e-03,4.020100e-03,-3.497487e-03
3.852500000e-03,-2.010050e-03,-3.497487e-03
3.853125000e-03,-6.030150e-03,-3.497487e-03
3.853750000e-03,4.020100e-04,-3.497487e-03
3.854375000e-03,3.618090e-03,-3.497487e-03
3.855000000e-03,-2.814070e-03,-3.497487e-03
3.855625000e-03,-6.834170e-03,-3.497487e-03
3.856250000e-03,2.010050e-03,-3.497487e-03
3.856875000e-03,3.216080e-03,-3.497487e-03
3.857500000e-03,-4.422110e-03,-3.497487e-03
3.858125000e-03,-4.824120e-03,-3.497487e-03
3.858750000e-03,2.010050e-03,-3.497487e-03
3.859375000e-03,2.412060e-03,-3.497487e-03
3.860000000e-03,-4.824120e-03,-3.497487e-03
3.860625000e-03,-3.216080e-03,-3.497487e-03
3.861250000e-03,4.020100e-03,-3.497487e-03
3.861875000e-03,0.000000e+00,-3.497487e-03
3.862500000e-03,-6.834170e-03,-3.497487e-03
3.863125000e-03,-2.412060e-03,-3.497487e-03
3.863750000e-03,4.422110e-03,-3.497487e-03
3.864375000e-03,-1.206030e-03,-3.497487e-03
3.865000000e-03,-7.236180e-03,-3.497487e-03
3.865625000e-03,0.000000e+00,-3.497487e-03
3.866250000e-03,3.618090e-03,-3.497487e-03
3.866875000e-03,-2.010050e-03,-3.497487e-03
3.867500000e-03,-5.628140e-03,-3.497487e-03
3.868125000e-03,8.040200e-04,-3.497487e-03
3.868750000e-03,3.618090e-03,-3.497487e-03
3.869375000e-03,-4.422110e-03,-3.497487e-03
3.870000000e-03,-5.628140e-03,-3.497487e-03
3.870625000e-03,2.010050e-03,-3.497487e-03
3.871250000e-03,3.618090e-03,-3.497487e-03
3.871875000e-03,-4.020100e-03,-3.497487e-03
3.872500000e-03,-5.226130e-03,-3.497487e-03
3.873125000e-03,3.216080e-03,-3.497487e-03
3.873750000e-03,1.206030e-03,-3.497487e-03
3.874375000e-03,-5.628140e-03,-3.497487e-03
3.875000000e-03,-2.814070e-03,-3.497487e-03
3.875625000e-03,4.020100e-03,-3.497487e-03
3.876250000e-03,0.000000e+00,-3.497487e-03
3.876875000e-03,-7.236180e-03,-3.497487e-03
3.877500000e-03,-1.608040e-03,-3.497487e-03
3.878125000e-03,4.020100e-03,-3.497487e-03
3.878750000e-03,-8.040200e-04,-3.497487e-03
3.879375000e-03,-6.030150e-03,-3.497487e-03
3.880000000e-03,-4.020100e-04,-3.497487e-03
3.880625000e-03,4.020100e-03,-3.497487e-03
3.881250000e-03,-2.814070e-03,-3.497487e-03
3.881875000e-03,-6.432160e-03,-3.497487e-03
3.882500000e-03,8.040200e-04,-3.497487e-03
3.883125000e-03,3.216080e-03,-3.497487e-03
3.883750000e-03,-3.618090e-03,-3.497487e-03
3.884375000e-03,-6.432160e-03,-3.497487e-03
3.885000000e-03,2.412060e-03,-3.497487e-03
3.885625000e-03,3.216080e-03,-3.497487e-03
3.886250000e-03,-5.226130e-03,-3.497487e-03
3.886875000e-03,-3.618090e-03,-3.497487e-03
3.887500000e-03,3.216080e-03,-3.497487e-03
3.888125000e-03,1.206030e-03,-3.497487e-03
3.888750000e-03,-6.432160e-03,-3.497487e-03
3.889375000e-03,-2.412060e-03,-3.497487e-03
3.890000000e-03,4.020100e-03,-3.497487e-03
3.890625000e-03,0.000000e+00,-3.497487e-03
3.891250000e-03,-6.432160e-03,-3.497487e-03
3.891875000e-03,-2.412060e-03,-3.497487e-03
3.892500000e-03,4.422110e-03,-3.497487e-03
3.893125000e-03,-1.206030e-03,-3.497487e-03
3.893750000e-03,-6.432160e-03,-3.497487e-03
3.894375000e-03,-4.020100e-04,-3.497487e-03
3.895000000e-03,3.216080e-03,-3.497487e-03
3.895625000e-03,-2.412060e-03,-3.497487e-03
3.896250000e-03,-6.030150e-03,-3.497487e-03
3.896875000e-03,1.608040e-03,-3.497487e-03
3.897500000e-03,3.618090e-03,-3.497487e-03
3.898125000e-03,-4.422110e-03,-3.497487e-03
3.898750000e-03,-4.824120e-03,-3.497487e-03
3.899375000e-03,2.412060e-03,-3.497487e-03
3.900000000e-03,2.814070e-03,-3.497487e-03
3.900625000e-03,-4.422110e-03,-3.497487e-03
3.901250000e-03,-4.422110e-03,-3.497487e-03
3.901875000e-03,3.216080e-03,-3.497487e-03
3.902500000e-03,8.040200e-04,-3.497487e-03
3.903125000e-03,-5.226130e-03,-3.497487e-03
3.903750000e-03,-2.814070e-03,-3.497487e-03
3.904375000e-03,4.422110e-03,-3.497487e-03
3.905000000e-03,0.000000e+00,-3.497487e-03
3.905625000e-03,-6.834170e-03,-3.497487e-03
3.906250000e-03,-8.040200e-04,-3.497487e-03
3.906875000e-03,4.020100e-03,-3.497487e-03
3.907500000e-03,-1.206030e-03,-3.497487e-03
3.908125000e-03,-6.834170e-03,-3.497487e-03
3.908750000e-03,0.000000e+00,-3.497487e-03
3.909375000e-03,3.618090e-03,-3.497487e-03
3.910000000e-03,-2.814070e-03,-3.497487e-03
3.910625000e-03,-5.226130e-03,-3.497487e-03
3.911250000e-03,1.206030e-03,-3.497487e-03
3.911875000e-03,3.216080e-03,-3.497487e-03
3.912500000e-03,-3.618090e-03,-3.497487e-03
3.913125000e-03,-5.628140e-03,-3.497487e-03
3.913750000e-03,2.814070e-03,-3.497487e-03
3.914375000e-03,2.010050e-03,-3.497487e-03
3.915000000e-03,-5.226130e-03,-3.497487e-03
3.915625000e-03,-4.020100e-03,-3.497487e-03
3.916250000e-03,3.216080e-03,-3.497487e-03
3.916875000e-03,1.206030e-03,-3.497487e-03
3.917500000e-03,-6.432160e-03,-3.497487e-03
3.918125000e-03,-1.608040e-03,-3.497487e-03
3.918750000e-03,4.020100e-03,-3.497487e-03
3.919375000e-03,-4.020100e-04,-3.497487e-03
3.920000000e-03,-5.628140e-03,-3.497487e-03
3.920625000e-03,-1.206030e-03,-3.497487e-03
3.921250000e-03,4.422110e-03,-3.497487e-03
3.921875000e-03,-2.010050e-03,-3.497487e-03
3.922500000e-03,-6.432160e-03,-3.497487e-03
3.923125000e-03,0.000000e+00,-3.497487e-03
3.923750000e-03,2.814070e-03,-3.497487e-03
3.924375000e-03,-3.216080e-03,-3.497487e-03
3.925000000e-03,-6.432160e-03,-3.497487e-03
3.925625000e-03,2.814070e-03,-3.497487e-03
3.926250000e-03,2.814070e-03,-3.497487e-03
3.926875000e-03,-4.422110e-03,-3.497487e-03
3.927500000e-03,-4.422110e-03,-3.497487e-03
3.928125000e-03,2.412060e-03,-3.497487e-03
3.928750000e-03,2.010050e-03,-3.497487e-03
3.929375000e-03,-4.824120e-03,-3.497487e-03
3.930000000e-03,-3.216080e-03,-3.497487e-03
3.930625000e-03,3.216080e-03,-3.497487e-03
3.931250000e-03,4.020100e-04,-3.497487e-03
3.931875000e-03,-5.226130e-03,-3.497487e-03
3.932500000e-03,-2.814070e-03,-3.497487e-03
3.933125000e-03,4.422110e-03,-3.497487e-03
3.933750000e-03,-4.020100e-04,-3.497487e-03
3.934375000e-03,-6.834170e-03,-3.497487e-03
3.935000000e-03,-4.020100e-04,-3.497487e-03
3.935625000e-03,3.618090e-03,-3.497487e-03
3.936250000e-03,-1.608040e-03,-3.497487e-03
3.936875000e-03,-6.030150e-03,-3.497487e-03
3.937500000e-03,4.020100e-04,-3.497487e-03
3.938125000e-03,4.020100e-03,-3.497487e-03
3.938750000e-03,-3.216080e-03,-3.497487e-03
3.939375000e-03,-4.824120e-03,-3.497487e-03
3.940000000e-03,1.608040e-03,-3.497487e-03
3.940625000e-03,3.216080e-03,-3.497487e-03
3.941250000e-03,-4.422110e-03,-3.497487e-03
3.941875000e-03,-5.628140e-03,-3.497487e-03
3.942500000e-03,2.412060e-03,-3.497487e-03
3.943125000e-03,2.010050e-03,-3.497487e-03
3.943750000e-03,-4.422110e-03,-3.497487e-03
3.944375000e-03,-3.216080e-03,-3.497487e-03
3.945000000e-03,4.020100e-03,-3.497487e-03
3.945625000e-03,4.020100e-04,-3.497487e-03
3.946250000e-03,-6.834170e-03,-3.497487e-03
3.946875000e-03,-1.206030e-03,-3.497487e-03
3.947500000e-03,4.422110e-03,-3.497487e-03
3.948125000e-03,-4.020100e-04,-3.497487e-03
3.948750000e-03,-6.432160e-03,-3.497487e-03
3.949375000e-03,-1.608040e-03,-3.497487e-03
3.950000000e-03,4.020100e-03,-3.497487e-03
3.950625000e-03,-1.608040e-03,-3.497487e-03
3.951250000e-03,-5.226130e-03,-3.497487e-03
3.951875000e-03,8.040200e-04,-3.497487e-03
3.952500000e-03,2.412060e-03,-3.497487e-03
3.953125000e-03,-3.216080e-03,-3.497487e-03
3.953750000e-03,-5.628140e-03,-3.497487e-03
3.954375000e-03,2.814070e-03,-3.497487e-03
3.955000000e-03,2.010050e-03,-3.497487e-03
3.955625000e-03,-5.226130e-03,-3.497487e-03
3.956250000e-03,-4.422110e-03,-3.497487e-03
3.956875000e-03,2.814070e-03,-3.497487e-03
3.957500000e-03,1.608040e-03,-3.497487e-03
3.958125000e-03,-5.628140e-03,-3.497487e-03
3.958750000e-03,-2.412060e-03,-3.497487e-03
3.959375000e-03,2.814070e-03,-3.497487e-03
3.960000000e-03,0.000000e+00,-3.497487e-03
3.960625000e-03,-6.030150e-03,-3.497487e-03
3.961250000e-03,-1.608040e-03,-3.497487e-03
3.961875000e-03,5.226130e-03,-3.497487e-03
3.962500000e-03,-1.608040e-03,-3.497487e-03
3.963125000e-03,-6.834170e-03,-3.497487e-03
3.963750000e-03,-8.040200e-04,-3.497487e-03
3.964375000e-03,3.216080e-03,-3.497487e-03
3.965000000e-03,-2.010050e-03,-3.497487e-03
3.965625000e-03,-6.030150e-03,-3.497487e-03
3.966250000e-03,1.206030e-03,-3.497487e-03
3.966875000e-03,2.412060e-03,-3.497487e-03
3.967500000e-03,-4.020100e-03,-3.497487e-03
3.968125000e-03,-4.422110e-03,-3.497487e-03
3.968750000e-03,2.010050e-03,-3.497487e-03
3.969375000e-03,3.216080e-03,-3.497487e-03
3.970000000e-03,-4.422110e-03,-3.497487e-03
3.970625000e-03,-4.422110e-03,-3.497487e-03
3.971250000e-03,2.814070e-03,-3.497487e-03
3.971875000e-03,8.040200e-04,-3.497487e-03
3.972500000e-03,-4.422110e-03,-3.497487e-03
3.973125000e-03,-3.618090e-03,-3.497487e-03
3.973750000e-03,3.216080e-03,-3.497487e-03
3.974375000e-03,-4.020100e-04,-3.497487e-03
3.975000000e-03,-6.030150e-03,-3.497487e-03
3.975625000e-03,-8.040200e-04,-3.497487e-03
3.976250000e-03,4.020100e-03,-3.497487e-03
3.976875000e-03,-4.020100e-04,-3.497487e-03
3.977500000e-03,-6.432160e-03,-3.497487e-03
3.978125000e-03,0.000000e+00,-3.497487e-03
3.978750000e-03,2.814070e-03,-3.497487e-03
3.979375000e-03,-2.814070e-03,-3.497487e-03
3.980000000e-03,-5.226130e-03,-3.497487e-03
3.980625000e-03,0.000000e+00,-3.497487e-03
3.981250000e-03,2.814070e-03,-3.497487e-03
3.981875000e-03,-3.216080e-03,-3.497487e-03
3.982500000e-03,-4.824120e-03,-3.497487e-03
3.983125000e-03,2.814070e-03,-3.497487e-03
3.983750000e-03,2.010050e-03,-3.497487e-03
3.984375000e-03,-4.824120e-03,-3.497487e-03
3.985000000e-03,-5.226130e-03,-3.497487e-03
3.985625000e-03,2.814070e-03,-3.497487e-03
3.986250000e-03,1.608040e-03,-3.497487e-03
3.986875000e-03,-5.226130e-03,-3.497487e-03
3.987500000e-03,-2.814070e-03,-3.497487e-03
3.988125000e-03,3.216080e-03,-3.497487e-03
3.988750000e-03,4.020100e-04,-3.497487e-03
3.989375000e-03,-6.432160e-03,-3.497487e-03
3.990000000e-03,-1.608040e-03,-3.497487e-03
3.990625000e-03,4.020100e-03,-3.497487e-03
3.991250000e-03,-2.412060e-03,-3.497487e-03
3.991875000e-03,-6.834170e-03,-3.497487e-03
3.992500000e-03,-4.020100e-04,-3.497487e-03
3.993125000e-03,3.618090e-03,-3.497487e-03
3.993750000e-03,-2.412060e-03,-3.497487e-03
3.994375000e-03,-5.226130e-03,-3.497487e-03
3.995000000e-03,2.010050e-03,-3.497487e-03
3.995625000e-03,2.412060e-03,-3.497487e-03
3.996250000e-03,-3.216080e-03,-3.497487e-03
3.996875000e-03,-4.824120e-03,-3.497487e-03
3.997500000e-03,2.010050e-03,-3.497487e-03
3.998125000e-03,2.814070e-03,-3.497487e-03
3.998750000e-03,-5.226130e-03,-3.497487e-03
3.999375000e-03,-4.020100e-03,-3.497487e-03
4.000000000e-03,2.412060e-03,-3.497487e-03
4.000625000e-03,1.206030e-03,-3.497487e-03
4.001250000e-03,-4.824120e-03,-3.497487e-03
4.001875000e-03,-2.814070e-03,-3.497487e-03
4.002500000e-03,3.618090e-03,-3.497487e-03
4.003125000e-03,-1.206030e-03,-3.497487e-03
4.003750000e-03,-5.628140e-03,-3.497487e-03
4.004375000e-03,-1.206030e-03,-3.497487e-03
4.005000000e-03,2.814070e-03,-3.497487e-03
4.005625000e-03,-4.020100e-04,-3.497487e-03
4.006250000e-03,-6.432160e-03,-3.497487e-03
4.006875000e-03,0.000000e+00,-3.497487e-03
4.007500000e-03,3.216080e-03,-3.497487e-03
4.008125000e-03,-2.412060e-03,-3.497487e-03
4.008750000e-03,-4.824120e-03,-3.497487e-03
4.009375000e-03,4.020100e-04,-3.497487e-03
4.010000000e-03,3.618090e-03,-3.497487e-03
4.010625000e-03,-4.020100e-03,-3.497487e-03
4.011250000e-03,-4.824120e-03,-3.497487e-03
4.011875000e-03,2.814070e-03,-3.497487e-03
4.012500000e-03,1.608040e-03,-3.497487e-03
4.013125000e-03,-4.422110e-03,-3.497487e-03
4.013750000e-03,-4.422110e-03,-3.497487e-03
4.014375000e-03,3.618090e-03,-3.497487e-03
4.015000000e-03,8.040200e-04,-3.497487e-03
4.015625000e-03,-5.226130e-03,-3.497487e-03
4.016250000e-03,-1.608040e-03,-3.497487e-03
4.016875000e-03,2.814070e-03,-3.497487e-03
4.017500000e-03,0.000000e+00,-3.497487e-03
4.018125000e-03,-6.432160e-03,-3.497487e-03
4.018750000e-03,-1.608040e-03,-3.497487e-03
4.019375000e-03,4.422110e-03,-3.497487e-03
4.020000000e-03,-2.412060e-03,-3.497487e-03
4.020625000e-03,-5.628140e-03,-3.497487e-03
4.021250000e-03,0.000000e+00,-3.497487e-03
4.021875000e-03,3.618090e-03,-3.497487e-03
4.022500000e-03,-3.216080e-03,-3.497487e-03
4.023125000e-03,-5.628140e-03,-3.497487e-03
4.023750000e-03,2.010050e-03,-3.497487e-03
4.024375000e-03,2.010050e-03,-3.497487e-03
4.025000000e-03,-3.618090e-03,-3.497487e-03
4.025625000e-03,-5.628140e-03,-3.497487e-03
4.026250000e-03,2.814070e-03,-3.497487e-03
4.026875000e-03,2.412060e-03,-3.497487e-03
4.027500000e-03,-5.628140e-03,-3.497487e-03
4.028125000e-03,-3.216080e-03,-3.497487e-03
4.028750000e-03,3.618090e-03,-3.497487e-03
4.029375000e-03,1.206030e-03,-3.497487e-03
4.030000000e-03,-5.628140e-03,-3.497487e-03
4.030625000e-03,-2.010050e-03,-3.497487e-03
4.031250000e-03,3.216080e-03,-3.497487e-03
4.031875000e-03,-2.010050e-03,-3.497487e-03
4.032500000e-03,-5.628140e-03,-3.497487e-03
4.033125000e-03,-4.020100e-04,-3.497487e-03
4.033750000e-03,3.618090e-03,-3.497487e-03
4.034375000e-03,-1.608040e-03,-3.497487e-03
4.035000000e-03,-6.432160e-03,-3.497487e-03
4.035625000e-03,8.040200e-04,-3.497487e-03
4.036250000e-03,3.216080e-03,-3.497487e-03
4.036875000e-03,-2.814070e-03,-3.497487e-03
4.037500000e-03,-4.824120e-03,-3.497487e-03
4.038125000e-03,4.020100e-04,-3.497487e-03
4.038750000e-03,3.216080e-03,-3.497487e-03
4.039375000e-03,-5.226130e-03,-3.497487e-03
4.040000000e-03,-4.020100e-03,-3.497487e-03
4.040625000e-03,3.216080e-03,-3.497487e-03
4.041250000e-03,1.206030e-03,-3.497487e-03
4.041875000e-03,-5.226130e-03,-3.497487e-03
4.042500000e-03,-4.422110e-03,-3.497487e-03
4.043125000e-03,4.422110e-03,-3.497487e-03
4.043750000e-03,0.000000e+00,-3.497487e-03
4.044375000e-03,-5.226130e-03,-3.497487e-03
4.045000000e-03,-2.010050e-03,-3.497487e-03
4.045625000e-03,3.216080e-03,-3.497487e-03
4.046250000e-03,0.000000e+00,-3.497487e-03
4.046875000e-03,-6.030150e-03,-3.497487e-03
4.047500000e-03,-4.020100e-04,-3.497487e-03
4.048125000e-03,3.618090e-03,-3.497487e-03
4.048750000e-03,-2.010050e-03,-3.497487e-03
4.049375000e-03,-5.226130e-03,-3.497487e-03
4.050000000e-03,0.000000e+00,-3.497487e-03
4.050625000e-03,4.020100e-03,-3.497487e-03
4.051250000e-03,-3.618090e-03,-3.497487e-03
4.051875000e-03,-5.226130e-03,-3.497487e-03
4.052500000e-03,2.010050e-03,-3.497487e-03
4.053125000e-03,1.608040e-03,-3.497487e-03
4.053750000e-03,-4.020100e-03,-3.497487e-03
4.054375000e-03,-4.824120e-03,-3.497487e-03
4.055000000e-03,2.814070e-03,-3.497487e-03
4.055625000e-03,2.010050e-03,-3.497487e-03
4.056250000e-03,-5.628140e-03,-3.497487e-03
4.056875000e-03,-3.216080e-03,-3.497487e-03
4.057500000e-03,2.814070e-03,-3.497487e-03
4.058125000e-03,4.020100e-04,-3.497487e-03
4.058750000e-03,-5.226130e-03,-3.497487e-03
4.059375000e-03,-2.412060e-03,-3.497487e-03
4.060000000e-03,3.618090e-03,-3.497487e-03
4.060625000e-03,-1.206030e-03,-3.497487e-03
4.061250000e-03,-5.628140e-03,-3.497487e-03
4.061875000e-03,-4.020100e-04,-3.497487e-03
4.062500000e-03,4.020100e-03,-3.497487e-03
4.063125000e-03,-1.608040e-03,-3.497487e-03
4.063750000e-03,-6.432160e-03,-3.497487e-03
4.064375000e-03,1.206030e-03,-3.497487e-03
4.065000000e-03,2.814070e-03,-3.497487e-03
4.065625000e-03,-3.216080e-03,-3.497487e-03
4.066250000e-03,-4.824120e-03,-3.497487e-03
4.066875000e-03,1.608040e-03,-3.497487e-03
4.067500000e-03,2.814070e-03,-3.497487e-03
4.068125000e-03,-4.824120e-03,-3.497487e-03
4.068750000e-03,-3.216080e-03,-3.497487e-03
4.069375000e-03,3.216080e-03,-3.497487e-03
4.070000000e-03,1.206030e-03,-3.497487e-03
4.070625000e-03,-5.226130e-03,-3.497487e-03
4.071250000e-03,-3.216080e-03,-3.497487e-03
4.071875000e-03,4.020100e-03,-3.497487e-03
4.072500000e-03,0.000000e+00,-3.497487e-03
4.073125000e-03,-5.226130e-03,-3.497487e-03
4.073750000e-03,-1.206030e-03,-3.497487e-03
4.074375000e-03,3.618090e-03,-3.497487e-03
4.075000000e-03,-8.040200e-04,-3.497487e-03
4.075625000e-03,-6.834170e-03,-3.497487e-03
4.076250000e-03,0.000000e+00,-3.497487e-03
4.076875000e-03,3.216080e-03,-3.497487e-03
4.077500000e-03,-2.412060e-03,-3.497487e-03
4.078125000e-03,-5.628140e-03,-3.497487e-03
4.078750000e-03,0.000000e+00,-3.497487e-03
4.079375000e-03,3.618090e-03,-3.497487e-03
4.080000000e-03,-3.618090e-03,-3.497487e-03
4.080625000e-03,-4.020100e-03,-3.497487e-03
4.081250000e-03,2.412060e-03,-3.497487e-03
4.081875000e-03,1.608040e-03,-3.497487e-03
4.082500000e-03,-4.020100e-03,-3.497487e-03
4.083125000e-03,-4.422110e-03,-3.497487e-03
4.083750000e-03,3.216080e-03,-3.497487e-03
4.084375000e-03,8.040200e-04,-3.497487e-03
4.085000000e-03,-5.628140e-03,-3.497487e-03
4.085625000e-03,-2.814070e-03,-3.497487e-03
4.086250000e-03,3.216080e-03,-3.497487e-03
4.086875000e-03,4.020100e-04,-3.497487e-03
4.087500000e-03,-5.226130e-03,-3.497487e-03
4.088125000e-03,-1.206030e-03,-3.497487e-03
4.088750000e-03,3.216080e-03,-3.497487e-03
4.089375000e-03,-1.608040e-03,-3.497487e-03
4.090000000e-03,-4.824120e-03,-3.497487e-03
4.090625000e-03,-4.020100e-04,-3.497487e-03
4.091250000e-03,3.216080e-03,-3.497487e-03
4.091875000e-03,-2.412060e-03,-3.497487e-03
4.092500000e-03,-6.030150e-03,-3.497487e-03
4.093125000e-03,2.010050e-03,-3.497487e-03
4.093750000e-03,2.412060e-03,-3.497487e-03
4.094375000e-03,-3.618090e-03,-3.497487e-03
4.095000000e-03,-4.824120e-03,-3.497487e-03
4.095625000e-03,1.608040e-03,-3.497487e-03
4.096250000e-03,1.608040e-03,-3.497487e-03
4.096875000e-03,-5.226130e-03,-3.497487e-03
4.097500000e-03,-3.216080e-03,-3.497487e-03
4.098125000e-03,2.412060e-03,-3.497487e-03
4.098750000e-03,1.608040e-03,-3.497487e-03
4.099375000e-03,-4.422110e-03,-3.497487e-03
4.100000000e-03,-2.412060e-03,-3.497487e-03
4.100625000e-03,3.216080e-03,-3.497487e-03
4.101250000e-03,-4.020100e-04,-3.497487e-03
4.101875000e-03,-5.226130e-03,-3.497487e-03
4.102500000e-03,-1.608040e-03,-3.497487e-03
4.103125000e-03,3.216080e-03,-3.497487e-03
4.103750000e-03,-1.608040e-03,-3.497487e-03
4.104375000e-03,-6.834170e-03,-3.497487e-03
4.105000000e-03,8.040200e-04,-3.497487e-03
4.105625000e-03,3.618090e-03,-3.497487e-03
4.106250000e-03,-2.010050e-03,-3.497487e-03
4.106875000e-03,-6.030150e-03,-3.497487e-03
4.107500000e-03,0.000000e+00,-3.497487e-03
4.108125000e-03,3.216080e-03,-3.497487e-03
4.108750000e-03,-4.020100e-03,-3.497487e-03
4.109375000e-03,-4.824120e-03,-3.497487e-03
4.110000000e-03,2.010050e-03,-3.497487e-03
4.110625000e-03,1.206030e-03,-3.497487e-03
4.111250000e-03,-4.020100e-03,-3.497487e-03
4.111875000e-03,-3.618090e-03,-3.497487e-03
4.112500000e-03,3.618090e-03,-3.497487e-03
4.113125000e-03,0.000000e+00,-3.497487e-03
4.113750000e-03,-5.226130e-03,-3.497487e-03
4.114375000e-03,-2.010050e-03,-3.497487e-03
4.115000000e-03,2.412060e-03,-3.497487e-03
4.115625000e-03,0.000000e+00,-3.497487e-03
4.116250000e-03,-5.628140e-03,-3.497487e-03
4.116875000e-03,-8.040200e-04,-3.497487e-03
4.117500000e-03,2.814070e-03,-3.497487e-03
4.118125000e-03,-2.010050e-03,-3.497487e-03
4.118750000e-03,-5.226130e-03,-3.497487e-03
4.119375000e-03,0.000000e+00,-3.497487e-03
4.120000000e-03,3.618090e-03,-3.497487e-03
4.120625000e-03,-3.618090e-03,-3.497487e-03
4.121250000e-03,-4.824120e-03,-3.497487e-03
4.121875000e-03,8.040200e-04,-3.497487e-03
4.122500000e-03,1.206030e-03,-3.497487e-03
4.123125000e-03,-3.216080e-03,-3.497487e-03
4.123750000e-03,-4.824120e-03,-3.497487e-03
4.124375000e-03,2.412060e-03,-3.497487e-03
4.125000000e-03,1.608040e-03,-3.497487e-03
4.125625000e-03,-4.824120e-03,-3.497487e-03
4.126250000e-03,-3.618090e-03,-3.497487e-03
4.126875000e-03,2.412060e-03,-3.497487e-03
4.127500000e-03,8.040200e-04,-3.497487e-03
4.128125000e-03,-5.628140e-03,-3.497487e-03
4.128750000e-03,-1.608040e-03,-3.497487e-03
4.129375000e-03,3.618090e-03,-3.497487e-03
4.130000000e-03,-8.040200e-04,-3.497487e-03
4.130625000e-03,-5.226130e-03,-3.497487e-03
4.131250000e-03,-8.040200e-04,-3.497487e-03
4.131875000e-03,4.020100e-03,-3.497487e-03
4.132500000e-03,-2.010050e-03,-3.497487e-03
4.133125000e-03,-6.432160e-03,-3.497487e-03
4.133750000e-03,4.020100e-04,-3.497487e-03
4.134375000e-03,2.814070e-03,-3.497487e-03
4.135000000e-03,-2.412060e-03,-3.497487e-03
4.135625000e-03,-6.030150e-03,-3.497487e-03
4.136250000e-03,8.040200e-04,-3.497487e-03
4.136875000e-03,2.814070e-03,-3.497487e-03
4.137500000e-03,-4.020100e-03,-3.497487e-03
4.138125000e-03,-3.618090e-03,-3.497487e-03
4.138750000e-03,2.010050e-03,-3.497487e-03
4.139375000e-03,2.010050e-03,-3.497487e-03
4.140000000e-03,-4.824120e-03,-3.497487e-03
4.140625000e-03,-3.618090e-03,-3.497487e-03
4.141250000e-03,3.618090e-03,-3.497487e-03
4.141875000e-03,0.000000e+00,-3.497487e-03
4.142500000e-03,-5.628140e-03,-3.497487e-03
4.143125000e-03,-2.814070e-03,-3.497487e-03
4.143750000e-03,2.814070e-03,-3.497487e-03
4.144375000e-03,0.000000e+00,-3.497487e-03
4.145000000e-03,-6.030150e-03,-3.497487e-03
4.145625000e-03,0.000000e+00,-3.497487e-03
4.146250000e-03,3.216080e-03,-3.497487e-03
4.146875000e-03,-1.206030e-03,-3.497487e-03
4.147500000e-03,-5.628140e-03,-3.497487e-03
4.148125000e-03,0.000000e+00,-3.497487e-03
4.148750000e-03,3.618090e-03,-3.497487e-03
4.149375000e-03,-4.020100e-03,-3.497487e-03
4.150000000e-03,-5.226130e-03,-3.497487e-03
4.150625000e-03,1.206030e-03,-3.497487e-03
4.151250000e-03,2.412060e-03,-3.497487e-03
4.151875000e-03,-3.618090e-03,-3.497487e-03
4.152500000e-03,-4.824120e-03,-3.497487e-03
4.153125000e-03,2.814070e-03,-3.497487e-03
4.153750000e-03,1.608040e-03,-3.497487e-03
4.154375000e-03,-5.226130e-03,-3.497487e-03
4.155000000e-03,-3.618090e-03,-3.497487e-03
4.155625000e-03,2.412060e-03,-3.497487e-03
4.156250000e-03,1.206030e-03,-3.497487e-03
4.156875000e-03,-6.030150e-03,-3.497487e-03
4.157500000e-03,-1.608040e-03,-3.497487e-03
4.158125000e-03,3.618090e-03,-3.497487e-03
4.158750000e-03,-8.040200e-04,-3.497487e-03
4.159375000e-03,-4.824120e-03,-3.497487e-03
4.160000000e-03,0.000000e+00,-3.497487e-03
4.160625000e-03,4.422110e-03,-3.497487e-03
4.161250000e-03,-3.216080e-03,-3.497487e-03
4.161875000e-03,-6.834170e-03,-3.497487e-03
4.162500000e-03,1.206030e-03,-3.497487e-03
4.163125000e-03,3.216080e-03,-3.497487e-03
4.163750000e-03,-2.412060e-03,-3.497487e-03
4.164375000e-03,-5.628140e-03,-3.497487e-03
4.165000000e-03,2.010050e-03,-3.497487e-03
4.165625000e-03,1.608040e-03,-3.497487e-03
4.166250000e-03,-4.422110e-03,-3.497487e-03
4.166875000e-03,-3.216080e-03,-3.497487e-03
4.167500000e-03,2.010050e-03,-3.497487e-03
4.168125000e-03,1.206030e-03,-3.497487e-03
4.168750000e-03,-5.226130e-03,-3.497487e-03
4.169375000e-03,-3.216080e-03,-3.497487e-03
4.170000000e-03,4.020100e-03,-3.497487e-03
4.170625000e-03,0.000000e+00,-3.497487e-03
4.171250000e-03,-4.824120e-03,-3.497487e-03
4.171875000e-03,-2.010050e-03,-3.497487e-03
4.172500000e-03,3.216080e-03,-3.497487e-03
4.173125000e-03,-8.040200e-04,-3.497487e-03
4.173750000e-03,-6.030150e-03,-3.497487e-03
4.174375000e-03,0.000000e+00,-3.497487e-03
4.175000000e-03,2.010050e-03,-3.497487e-03
4.175625000e-03,-2.010050e-03,-3.497487e-03
4.176250000e-03,-5.628140e-03,-3.497487e-03
4.176875000e-03,4.020100e-04,-3.497487e-03
4.177500000e-03,3.618090e-03,-3.497487e-03
4.178125000e-03,-3.618090e-03,-3.497487e-03
4.178750000e-03,-4.422110e-03,-3.497487e-03
4.179375000e-03,1.206030e-03,-3.497487e-03
4.180000000e-03,1.608040e-03,-3.497487e-03
4.180625000e-03,-4.020100e-03,-3.497487e-03
4.181250000e-03,-4.422110e-03,-3.497487e-03
4.181875000e-03,2.814070e-03,-3.497487e-03
4.182500000e-03,8.040200e-04,-3.497487e-03
4.183125000e-03,-5.226130e-03,-3.497487e-03
4.183750000e-03,-2.814070e-03,-3.497487e-03
4.184375000e-03,3.618090e-03,-3.497487e-03
4.185000000e-03,8.040200e-04,-3.497487e-03
4.185625000e-03,-6.432160e-03,-3.497487e-03
4.186250000e-03,-1.206030e-03,-3.497487e-03
4.186875000e-03,2.814070e-03,-3.497487e-03
4.187500000e-03,-1.206030e-03,-3.497487e-03
4.188125000e-03,-4.824120e-03,-3.497487e-03
4.188750000e-03,0.000000e+00,-3.497487e-03
4.189375000e-03,3.618090e-03,-3.497487e-03
4.190000000e-03,-3.216080e-03,-3.497487e-03
4.190625000e-03,-5.628140e-03,-3.497487e-03
4.191250000e-03,8.040200e-04,-3.497487e-03
4.191875000e-03,2.814070e-03,-3.497487e-03
4.192500000e-03,-2.010050e-03,-3.497487e-03
4.193125000e-03,-5.628140e-03,-3.497487e-03
4.193750000e-03,1.608040e-03,-3.497487e-03
4.194375000e-03,2.010050e-03,-3.497487e-03
4.195000000e-03,-4.824120e-03,-3.497487e-03
4.195625000e-03,-4.020100e-03,-3.497487e-03
4.196250000e-03,2.010050e-03,-3.497487e-03
4.196875000e-03,1.608040e-03,-3.497487e-03
4.197500000e-03,-5.628140e-03,-3.497487e-03
4.198125000e-03,-2.412060e-03,-3.497487e-03
4.198750000e-03,3.618090e-03,-3.497487e-03
4.199375000e-03,0.000000e+00,-3.497487e-03
4.200000000e-03,-5.226130e-03,-3.497487e-03
4.200625000e-03,-2.814070e-03,-3.497487e-03
4.201250000e-03,3.618090e-03,-3.497487e-03
4.201875000e-03,-1.206030e-03,-3.497487e-03
4.202500000e-03,-5.226130e-03,-3.497487e-03
4.203125000e-03,0.000000e+00,-3.497487e-03
4.203750000e-03,2.412060e-03,-3.497487e-03
4.204375000e-03,-1.608040e-03,-3.497487e-03
4.205000000e-03,-5.226130e-03,-3.497487e-03
4.205625000e-03,8.040200e-04,-3.497487e-03
4.206250000e-03,2.814070e-03,-3.497487e-03
4.206875000e-03,-4.020100e-03,-3.497487e-03
4.207500000e-03,-4.422110e-03,-3.497487e-03
4.208125000e-03,1.206030e-03,-3.497487e-03
4.208750000e-03,1.206030e-03,-3.497487e-03
4.209375000e-03,-4.422110e-03,-3.497487e-03
4.210000000e-03,-3.618090e-03,-3.497487e-03
4.210625000e-03,3.618090e-03,-3.497487e-03
4.211250000e-03,0.000000e+00,-3.497487e-03
4.211875000e-03,-4.824120e-03,-3.497487e-03
4.212500000e-03,-2.814070e-03,-3.497487e-03
4.213125000e-03,3.618090e-03,-3.497487e-03
4.213750000e-03,0.000000e+00,-3.497487e-03
4.214375000e-03,-6.432160e-03,-3.497487e-03
4.215000000e-03,-4.020100e-04,-3.497487e-03
4.215625000e-03,3.216080e-03,-3.497487e-03
4.216250000e-03,-4.020100e-04,-3.497487e-03
4.216875000e-03,-5.226130e-03,-3.497487e-03
4.217500000e-03,0.000000e+00,-3.497487e-03
4.218125000e-03,3.216080e-03,-3.497487e-03
4.218750000e-03,-3.618090e-03,-3.497487e-03
4.219375000e-03,-5.226130e-03,-3.497487e-03
4.220000000e-03,1.206030e-03,-3.497487e-03
4.220625000e-03,2.010050e-03,-3.497487e-03
4.221250000e-03,-3.618090e-03,-3.497487e-03
4.221875000e-03,-5.226130e-03,-3.497487e-03
4.222500000e-03,2.412060e-03,-3.497487e-03
4.223125000e-03,1.206030e-03,-3.497487e-03
4.223750000e-03,-4.422110e-03,-3.497487e-03
4.224375000e-03,-2.814070e-03,-3.497487e-03
4.225000000e-03,2.814070e-03,-3.497487e-03
4.225625000e-03,4.020100e-04,-3.497487e-03
4.226250000e-03,-6.030150e-03,-3.497487e-03
4.226875000e-03,-2.010050e-03,-3.497487e-03
4.227500000e-03,3.618090e-03,-3.497487e-03
4.228125000e-03,0.000000e+00,-3.497487e-03
4.228750000e-03,-5.226130e-03,-3.497487e-03
4.229375000e-03,-1.608040e-03,-3.497487e-03
4.230000000e-03,4.020100e-03,-3.497487e-03
4.230625000e-03,-1.608040e-03,-3.497487e-03
4.231250000e-03,-5.226130e-03,-3.497487e-03
4.231875000e-03,0.000000e+00,-3.497487e-03
4.232500000e-03,1.608040e-03,-3.497487e-03
4.233125000e-03,-3.216080e-03,-3.497487e-03
4.233750000e-03,-5.628140e-03,-3.497487e-03
4.234375000e-03,2.010050e-03,-3.497487e-03
4.235000000e-03,2.814070e-03,-3.497487e-03
4.235625000e-03,-4.020100e-03,-3.497487e-03
4.236250000e-03,-4.020100e-03,-3.497487e-03
4.236875000e-03,1.206030e-03,-3.497487e-03
4.237500000e-03,1.608040e-03,-3.497487e-03
4.238125000e-03,-4.824120e-03,-3.497487e-03
4.238750000e-03,-2.814070e-03,-3.497487e-03
4.239375000e-03,2.814070e-03,-3.497487e-03
4.240000000e-03,0.000000e+00,-3.497487e-03
4.240625000e-03,-5.226130e-03,-3.497487e-03
4.241250000e-03,-2.412060e-03,-3.497487e-03
4.241875000e-03,4.020100e-03,-3.497487e-03
4.242500000e-03,-4.020100e-04,-3.497487e-03
4.243125000e-03,-5.628140e-03,-3.497487e-03
4.243750000e-03,-8.040200e-04,-3.497487e-03
4.244375000e-03,2.010050e-03,-3.497487e-03
4.245000000e-03,-1.608040e-03,-3.497487e-03
4.245625000e-03,-5.226130e-03,-3.497487e-03
4.246250000e-03,0.000000e+00,-3.497487e-03
4.246875000e-03,2.814070e-03,-3.497487e-03
4.247500000e-03,-4.422110e-03,-3.497487e-03
4.248125000e-03,-4.824120e-03,-3.497487e-03
4.248750000e-03,1.206030e-03,-3.497487e-03
4.249375000e-03,2.814070e-03,-3.497487e-03
4.250000000e-03,-3.618090e-03,-3.497487e-03
4.250625000e-03,-4.422110e-03,-3.497487e-03
4.251250000e-03,2.010050e-03,-3.497487e-03
4.251875000e-03,8.040200e-04,-3.497487e-03
4.252500000e-03,-4.422110e-03,-3.497487e-03
4.253125000e-03,-3.216080e-03,-3.497487e-03
4.253750000e-03,2.814070e-03,-3.497487e-03
4.254375000e-03,4.020100e-04,-3.497487e-03
4.255000000e-03,-6.030150e-03,-3.497487e-03
4.255625000e-03,-1.608040e-03,-3.497487e-03
4.256250000e-03,3.618090e-03,-3.497487e-03
4.256875000e-03,-4.020100e-04,-3.497487e-03
4.257500000e-03,-6.030150e-03,-3.497487e-03
4.258125000e-03,-1.206030e-03,-3.497487e-03
4.258750000e-03,3.216080e-03,-3.497487e-03
4.259375000e-03,-2.412060e-03,-3.497487e-03
4.260000000e-03,-4.422110e-03,-3.497487e-03
4.260625000e-03,4.020100e-04,-3.497487e-03
4.261250000e-03,3.216080e-03,-3.497487e-03
4.261875000e-03,-2.814070e-03,-3.497487e-03
4.262500000e-03,-5.226130e-03,-3.497487e-03
4.263125000e-03,2.010050e-03,-3.497487e-03
4.263750000e-03,2.412060e-03,-3.497487e-03
4.264375000e-03,-3.618090e-03,-3.497487e-03
4.265000000e-03,-3.618090e-03,-3.497487e-03
4.265625000e-03,1.608040e-03,-3.497487e-03
4.266250000e-03,1.206030e-03,-3.497487e-03
4.266875000e-03,-5.226130e-03,-3.497487e-03
4.267500000e-03,-1.608040e-03,-3.497487e-03
4.268125000e-03,3.216080e-03,-3.497487e-03
4.268750000e-03,-8.040200e-04,-3.497487e-03
4.269375000e-03,-4.824120e-03,-3.497487e-03
4.270000000e-03,-2.010050e-03,-3.497487e-03
4.270625000e-03,4.422110e-03,-3.497487e-03
4.271250000e-03,-1.206030e-03,-3.497487e-03
4.271875000e-03,-5.628140e-03,-3.497487e-03
4.272500000e-03,-4.020100e-04,-3.497487e-03
4.273125000e-03,2.412060e-03,-3.497487e-03
4.273750000e-03,-2.010050e-03,-3.497487e-03
4.274375000e-03,-5.226130e-03,-3.497487e-03
4.275000000e-03,1.206030e-03,-3.497487e-03
4.275625000e-03,2.412060e-03,-3.497487e-03
4.276250000e-03,-4.824120e-03,-3.497487e-03
4.276875000e-03,-4.422110e-03,-3.497487e-03
4.277500000e-03,1.608040e-03,-3.497487e-03
4.278125000e-03,2.412060e-03,-3.497487e-03
4.278750000e-03,-4.824120e-03,-3.497487e-03
4.279375000e-03,-4.020100e-03,-3.497487e-03
4.280000000e-03,2.412060e-03,-3.497487e-03
4.280625000e-03,4.020100e-04,-3.497487e-03
4.281250000e-03,-4.824120e-03,-3.497487e-03
4.281875000e-03,-2.814070e-03,-3.497487e-03
4.282500000e-03,3.618090e-03,-3.497487e-03
4.283125000e-03,-4.020100e-04,-3.497487e-03
4.283750000e-03,-6.432160e-03,-3.497487e-03
4.284375000e-03,-8.040200e-04,-3.497487e-03
4.285000000e-03,2.814070e-03,-3.497487e-03
4.285625000e-03,-4.020100e-04,-3.497487e-03
4.286250000e-03,-5.628140e-03,-3.497487e-03
4.286875000e-03,-4.020100e-04,-3.497487e-03
4.287500000e-03,2.814070e-03,-3.497487e-03
4.288125000e-03,-2.412060e-03,-3.497487e-03
4.288750000e-03,-4.824120e-03,-3.497487e-03
4.289375000e-03,8.040200e-04,-3.497487e-03
4.290000000e-03,2.412060e-03,-3.497487e-03
4.290625000e-03,-3.216080e-03,-3.497487e-03
4.291250000e-03,-5.226130e-03,-3.497487e-03
4.291875000e-03,2.010050e-03,-3.497487e-03
4.292500000e-03,1.608040e-03,-3.497487e-03
4.293125000e-03,-3.216080e-03,-3.497487e-03
4.293750000e-03,-4.020100e-03,-3.497487e-03
4.294375000e-03,2.412060e-03,-3.497487e-03
4.295000000e-03,1.206030e-03,-3.497487e-03
4.295625000e-03,-4.824120e-03,-3.497487e-03
4.296250000e-03,-2.010050e-03,-3.497487e-03
4.296875000e-03,2.010050e-03,-3.497487e-03
4.297500000e-03,0.000000e+00,-3.497487e-03
4.298125000e-03,-5.226130e-03,-3.497487e-03
4.298750000e-03,-1.608040e-03,-3.497487e-03
4.299375000e-03,2.814070e-03,-3.497487e-03
4.300000000e-03,-1.608040e-03,-3.497487e-03
4.300625000e-03,-4.422110e-03,-3.497487e-03
4.301250000e-03,-4.020100e-04,-3.497487e-03
4.301875000e-03,2.010050e-03,-3.497487e-03
4.302500000e-03,-2.010050e-03,-3.497487e-03
4.303125000e-03,-5.628140e-03,-3.497487e-03
4.303750000e-03,1.206030e-03,-3.497487e-03
4.304375000e-03,1.608040e-03,-3.497487e-03
4.305000000e-03,-3.618090e-03,-3.497487e-03
4.305625000e-03,-3.618090e-03,-3.497487e-03
4.306250000e-03,2.010050e-03,-3.497487e-03
4.306875000e-03,2.010050e-03,-3.497487e-03
4.307500000e-03,-4.422110e-03,-3.497487e-03
4.308125000e-03,-2.814070e-03,-3.497487e-03
4.308750000e-03,2.010050e-03,-3.497487e-03
4.309375000e-03,0.000000e+00,-3.497487e-03
4.310000000e-03,-5.226130e-03,-3.497487e-03
4.310625000e-03,-2.814070e-03,-3.497487e-03
4.311250000e-03,3.216080e-03,-3.497487e-03
4.311875000e-03,-4.020100e-04,-3.497487e-03
4.312500000e-03,-5.628140e-03,-3.497487e-03
4.313125000e-03,-4.020100e-04,-3.497487e-03
4.313750000e-03,2.814070e-03,-3.497487e-03
4.314375000e-03,-1.206030e-03,-3.497487e-03
4.315000000e-03,-5.226130e-03,-3.497487e-03
4.315625000e-03,0.000000e+00,-3.497487e-03
4.316250000e-03,2.412060e-03,-3.497487e-03
4.316875000e-03,-3.216080e-03,-3.497487e-03
4.317500000e-03,-4.020100e-03,-3.497487e-03
4.318125000e-03,8.040200e-04,-3.497487e-03
4.318750000e-03,3.216080e-03,-3.497487e-03
4.319375000e-03,-4.020100e-03,-3.497487e-03
4.320000000e-03,-5.226130e-03,-3.497487e-03
4.320625000e-03,2.010050e-03,-3.497487e-03
4.321250000e-03,1.206030e-03,-3.497487e-03
4.321875000e-03,-3.618090e-03,-3.497487e-03
4.322500000e-03,-4.020100e-03,-3.497487e-03
4.323125000e-03,2.412060e-03,-3.497487e-03
4.323750000e-03,4.020100e-04,-3.497487e-03
4.324375000e-03,-5.226130e-03,-3.497487e-03
4.325000000e-03,-2.010050e-03,-3.497487e-03
4.325625000e-03,2.010050e-03,-3.497487e-03
4.326250000e-03,-4.020100e-04,-3.497487e-03
4.326875000e-03,-6.030150e-03,-3.497487e-03
4.327500000e-03,-8.040200e-04,-3.497487e-03
4.328125000e-03,4.422110e-03,-3.497487e-03
4.328750000e-03,-1.206030e-03,-3.497487e-03
4.329375000e-03,-4.824120e-03,-3.497487e-03
4.330000000e-03,-4.020100e-04,-3.497487e-03
4.330625000e-03,2.814070e-03,-3.497487e-03
4.331250000e-03,-2.010050e-03,-3.497487e-03
4.331875000e-03,-5.226130e-03,-3.497487e-03
4.332500000e-03,2.010050e-03,-3.497487e-03
4.333125000e-03,1.608040e-03,-3.497487e-03
4.333750000e-03,-3.618090e-03,-3.497487e-03
4.334375000e-03,-4.824120e-03,-3.497487e-03
4.335000000e-03,1.608040e-03,-3.497487e-03
4.335625000e-03,1.206030e-03,-3.497487e-03
4.336250000e-03,-5.226130e-03,-3.497487e-03
4.336875000e-03,-2.412060e-03,-3.497487e-03
4.337500000e-03,2.412060e-03,-3.497487e-03
4.338125000e-03,0.000000e+00,-3.497487e-03
4.338750000e-03,-4.422110e-03,-3.497487e-03
4.339375000e-03,-2.412060e-03,-3.497487e-03
4.340000000e-03,3.216080e-03,-3.497487e-03
4.340625000e-03,-1.206030e-03,-3.497487e-03
4.341250000e-03,-5.226130e-03,-3.497487e-03
4.341875000e-03,-4.020100e-04,-3.497487e-03
4.342500000e-03,3.216080e-03,-3.497487e-03
4.343125000e-03,-1.206030e-03,-3.497487e-03
4.343750000e-03,-6.030150e-03,-3.497487e-03
4.344375000e-03,8.040200e-04,-3.497487e-03
4.345000000e-03,2.412060e-03,-3.497487e-03
4.345625000e-03,-2.814070e-03,-3.497487e-03
4.346250000e-03,-4.422110e-03,-3.497487e-03
4.346875000e-03,1.206030e-03,-3.497487e-03
4.347500000e-03,2.412060e-03,-3.497487e-03
4.348125000e-03,-4.824120e-03,-3.497487e-03
4.348750000e-03,-5.226130e-03,-3.497487e-03
4.349375000e-03,2.412060e-03,-3.497487e-03
4.350000000e-03,1.206030e-03,-3.497487e-03
4.350625000e-03,-4.824120e-03,-3.497487e-03
4.351250000e-03,-3.618090e-03,-3.497487e-03
4.351875000e-03,3.216080e-03,-3.497487e-03
4.352500000e-03,-4.020100e-04,-3.497487e-03
4.353125000e-03,-4.422110e-03,-3.497487e-03
4.353750000e-03,-1.608040e-03,-3.497487e-03
4.354375000e-03,2.814070e-03,-3.497487e-03
4.355000000e-03,-4.020100e-04,-3.497487e-03
4.355625000e-03,-6.030150e-03,-3.497487e-03
4.356250000e-03,-8.040200e-04,-3.497487e-03
4.356875000e-03,3.618090e-03,-3.497487e-03
4.357500000e-03,-2.814070e-03,-3.497487e-03
4.358125000e-03,-4.422110e-03,-3.497487e-03
4.358750000e-03,0.000000e+00,-3.497487e-03
4.359375000e-03,2.412060e-03,-3.497487e-03
4.360000000e-03,-3.216080e-03,-3.497487e-03
4.360625000e-03,-4.422110e-03,-3.497487e-03
4.361250000e-03,1.608040e-03,-3.497487e-03
4.361875000e-03,1.206030e-03,-3.497487e-03
4.362500000e-03,-3.216080e-03,-3.497487e-03
4.363125000e-03,-4.824120e-03,-3.497487e-03
4.363750000e-03,2.412060e-03,-3.497487e-03
4.364375000e-03,4.020100e-04,-3.497487e-03
4.365000000e-03,-6.030150e-03,-3.497487e-03
4.365625000e-03,-2.010050e-03,-3.497487e-03
4.366250000e-03,2.412060e-03,-3.497487e-03
4.366875000e-03,0.000000e+00,-3.497487e-03
4.367500000e-03,-5.226130e-03,-3.497487e-03
4.368125000e-03,-1.608040e-03,-3.497487e-03
4.368750000e-03,3.216080e-03,-3.497487e-03
4.369375000e-03,-1.608040e-03,-3.497487e-03
4.370000000e-03,-4.824120e-03,-3.497487e-03
4.370625000e-03,-4.020100e-04,-3.497487e-03
4.371250000e-03,2.814070e-03,-3.497487e-03
4.371875000e-03,-2.814070e-03,-3.497487e-03
4.372500000e-03,-4.824120e-03,-3.497487e-03
4.373125000e-03,1.206030e-03,-3.497487e-03
4.373750000e-03,2.010050e-03,-3.497487e-03
4.374375000e-03,-2.814070e-03,-3.497487e-03
4.375000000e-03,-3.618090e-03,-3.497487e-03
4.375625000e-03,8.040200e-04,-3.497487e-03
4.376250000e-03,2.010050e-03,-3.497487e-03
4.376875000e-03,-4.824120e-03,-3.497487e-03
4.377500000e-03,-3.618090e-03,-3.497487e-03
4.378125000e-03,2.010050e-03,-3.497487e-03
4.378750000e-03,8.040200e-04,-3.497487e-03
4.379375000e-03,-4.422110e-03,-3.497487e-03
4.380000000e-03,-3.216080e-03,-3.497487e-03
4.380625000e-03,2.814070e-03,-3.497487e-03
4.381250000e-03,-4.020100e-04,-3.497487e-03
4.381875000e-03,-4.422110e-03,-3.497487e-03
4.382500000e-03,-1.608040e-03,-3.497487e-03
4.383125000e-03,2.814070e-03,-3.497487e-03
4.383750000e-03,-4.020100e-04,-3.497487e-03
4.384375000e-03,-4.824120e-03,-3.497487e-03
4.385000000e-03,0.000000e+00,-3.497487e-03
4.385625000e-03,2.412060e-03,-3.497487e-03
4.386250000e-03,-2.412060e-03,-3.497487e-03
4.386875000e-03,-5.226130e-03,-3.497487e-03
4.387500000e-03,0.000000e+00,-3.497487e-03
4.388125000e-03,2.814070e-03,-3.497487e-03
4.388750000e-03,-3.618090e-03,-3.497487e-03
4.389375000e-03,-3.618090e-03,-3.497487e-03
4.390000000e-03,1.608040e-03,-3.497487e-03
4.390625000e-03,1.608040e-03,-3.497487e-03
4.391250000e-03,-4.020100e-03,-3.497487e-03
4.391875000e-03,-4.422110e-03,-3.497487e-03
4.392500000e-03,2.010050e-03,-3.497487e-03
4.393125000e-03,8.040200e-04,-3.497487e-03
4.393750000e-03,-4.422110e-03,-3.497487e-03
4.394375000e-03,-2.814070e-03,-3.497487e-03
4.395000000e-03,2.010050e-03,-3.497487e-03
4.395625000e-03,4.020100e-04,-3.497487e-03
4.396250000e-03,-5.628140e-03,-3.497487e-03
4.396875000e-03,-1.206030e-03,-3.497487e-03
4.397500000e-03,2.814070e-03,-3.497487e-03
4.398125000e-03,-1.608040e-03,-3.497487e-03
4.398750000e-03,-4.824120e-03,-3.497487e-03
4.399375000e-03,-4.020100e-04,-3.497487e-03
4.400000000e-03,3.216080e-03,-3.497487e-03
4.400625000e-03,-2.412060e-03,-3.497487e-03
4.401250000e-03,-4.824120e-03,-3.497487e-03
4.401875000e-03,8.040200e-04,-3.497487e-03
4.402500000e-03,2.412060e-03,-3.497487e-03
4.403125000e-03,-3.216080e-03,-3.497487e-03
4.403750000e-03,-4.824120e-03,-3.497487e-03
4.404375000e-03,2.010050e-03,-3.497487e-03
4.405000000e-03,1.608040e-03,-3.497487e-03
4.405625000e-03,-6.030150e-03,-3.497487e-03
4.406250000e-03,-3.216080e-03,-3.497487e-03
4.406875000e-03,2.814070e-03,-3.497487e-03
4.407500000e-03,1.206030e-03,-3.497487e-03
4.408125000e-03,-4.824120e-03,-3.497487e-03
4.408750000e-03,-1.608040e-03,-3.497487e-03
4.409375000e-03,3.618090e-03,-3.497487e-03
4.410000000e-03,-1.206030e-03,-3.497487e-03
4.410625000e-03,-5.226130e-03,-3.497487e-03
4.411250000e-03,-8.040200e-04,-3.497487e-03
4.411875000e-03,2.412060e-03,-3.497487e-03
4.412500000e-03,-2.010050e-03,-3.497487e-03
4.413125000e-03,-4.824120e-03,-3.497487e-03
4.413750000e-03,8.040200e-04,-3.497487e-03
4.414375000e-03,2.814070e-03,-3.497487e-03
4.415000000e-03,-2.010050e-03,-3.497487e-03
4.415625000e-03,-5.226130e-03,-3.497487e-03
4.416250000e-03,0.000000e+00,-3.497487e-03
4.416875000e-03,2.412060e-03,-3.497487e-03
4.417500000e-03,-4.422110e-03,-3.497487e-03
4.418125000e-03,-3.618090e-03,-3.497487e-03
4.418750000e-03,1.608040e-03,-3.497487e-03
4.419375000e-03,1.206030e-03,-3.497487e-03
4.420000000e-03,-5.226130e-03,-3.497487e-03
4.420625000e-03,-2.814070e-03,-3.497487e-03
4.421250000e-03,3.216080e-03,-3.497487e-03
4.421875000e-03,0.000000e+00,-3.497487e-03
4.422500000e-03,-4.824120e-03,-3.497487e-03
4.423125000e-03,-2.412060e-03,-3.497487e-03
4.423750000e-03,2.010050e-03,-3.497487e-03
4.424375000e-03,0.000000e+00,-3.497487e-03
4.425000000e-03,-5.226130e-03,-3.497487e-03
4.425625000e-03,0.000000e+00,-3.497487e-03
4.426250000e-03,2.814070e-03,-3.497487e-03
4.426875000e-03,-2.412060e-03,-3.497487e-03
4.427500000e-03,-5.226130e-03,-3.497487e-03
4.428125000e-03,0.000000e+00,-3.497487e-03
4.428750000e-03,2.412060e-03,-3.497487e-03
4.429375000e-03,-4.020100e-03,-3.497487e-03
4.430000000e-03,-5.226130e-03,-3.497487e-03
4.430625000e-03,4.020100e-04,-3.497487e-03
4.431250000e-03,4.020100e-04,-3.497487e-03
4.431875000e-03,-3.216080e-03,-3.497487e-03
4.432500000e-03,-3.216080e-03,-3.497487e-03
4.433125000e-03,2.010050e-03,-3.497487e-03
4.433750000e-03,8.040200e-04,-3.497487e-03
4.434375000e-03,-4.422110e-03,-3.497487e-03
4.435000000e-03,-2.412060e-03,-3.497487e-03
4.435625000e-03,1.608040e-03,-3.497487e-03
4.436250000e-03,8.040200e-04,-3.497487e-03
4.436875000e-03,-5.628140e-03,-3.497487e-03
4.437500000e-03,-1.608040e-03,-3.497487e-03
4.438125000e-03,2.412060e-03,-3.497487e-03
4.438750000e-03,-8.040200e-04,-3.497487e-03
4.439375000e-03,-4.824120e-03,-3.497487e-03
4.440000000e-03,-4.020100e-04,-3.497487e-03
4.440625000e-03,3.216080e-03,-3.497487e-03
4.441250000e-03,-2.412060e-03,-3.497487e-03
4.441875000e-03,-5.226130e-03,-3.497487e-03
4.442500000e-03,4.020100e-04,-3.497487e-03
4.443125000e-03,1.608040e-03,-3.497487e-03
4.443750000e-03,-3.216080e-03,-3.497487e-03
4.444375000e-03,-5.226130e-03,-3.497487e-03
4.445000000e-03,1.206030e-03,-3.497487e-03
4.445625000e-03,2.010050e-03,-3.497487e-03
4.446250000e-03,-4.020100e-03,-3.497487e-03
4.446875000e-03,-2.412060e-03,-3.497487e-03
4.447500000e-03,2.412060e-03,-3.497487e-03
4.448125000e-03,1.206030e-03,-3.497487e-03
4.448750000e-03,-4.824120e-03,-3.497487e-03
4.449375000e-03,-3.618090e-03,-3.497487e-03
4.450000000e-03,2.412060e-03,-3.497487e-03
4.450625000e-03,-4.020100e-04,-3.497487e-03
4.451250000e-03,-5.226130e-03,-3.497487e-03
4.451875000e-03,-2.412060e-03,-3.497487e-03
4.452500000e-03,2.010050e-03,-3.497487e-03
4.453125000e-03,0.000000e+00,-3.497487e-03
4.453750000e-03,-4.422110e-03,-3.497487e-03
4.454375000e-03,0.000000e+00,-3.497487e-03
4.455000000e-03,2.010050e-03,-3.497487e-03
4.455625000e-03,-1.608040e-03,-3.497487e-03
4.456250000e-03,-4.422110e-03,-3.497487e-03
4.456875000e-03,0.000000e+00,-3.497487e-03
4.457500000e-03,2.814070e-03,-3.497487e-03
4.458125000e-03,-3.618090e-03,-3.497487e-03
4.458750000e-03,-4.422110e-03,-3.497487e-03
4.459375000e-03,8.040200e-04,-3.497487e-03
4.460000000e-03,2.010050e-03,-3.497487e-03
4.460625000e-03,-3.216080e-03,-3.497487e-03
4.461250000e-03,-3.618090e-03,-3.497487e-03
4.461875000e-03,2.412060e-03,-3.497487e-03
4.462500000e-03,0.000000e+00,-3.497487e-03
4.463125000e-03,-5.226130e-03,-3.497487e-03
4.463750000e-03,-2.412060e-03,-3.497487e-03
4.464375000e-03,2.010050e-03,-3.497487e-03
4.465000000e-03,4.020100e-04,-3.497487e-03
4.465625000e-03,-5.628140e-03,-3.497487e-03
4.466250000e-03,-1.206030e-03,-3.497487e-03
4.466875000e-03,2.412060e-03,-3.497487e-03
4.467500000e-03,-1.206030e-03,-3.497487e-03
4.468125000e-03,-4.422110e-03,-3.497487e-03
4.468750000e-03,-8.040200e-04,-3.497487e-03
4.469375000e-03,3.216080e-03,-3.497487e-03
4.470000000e-03,-2.814070e-03,-3.497487e-03
4.470625000e-03,-4.824120e-03,-3.497487e-03
4.471250000e-03,8.040200e-04,-3.497487e-03
4.471875000e-03,1.608040e-03,-3.497487e-03
4.472500000e-03,-2.814070e-03,-3.497487e-03
4.473125000e-03,-4.824120e-03,-3.497487e-03
4.473750000e-03,1.608040e-03,-3.497487e-03
4.474375000e-03,1.608040e-03,-3.497487e-03
4.475000000e-03,-4.422110e-03,-3.497487e-03
4.475625000e-03,-3.216080e-03,-3.497487e-03
4.476250000e-03,2.412060e-03,-3.497487e-03
4.476875000e-03,8.040200e-04,-3.497487e-03
4.477500000e-03,-5.628140e-03,-3.497487e-03
4.478125000e-03,-2.814070e-03,-3.497487e-03
4.478750000e-03,4.020100e-03,-3.497487e-03
4.479375000e-03,-4.020100e-04,-3.497487e-03
4.480000000e-03,-4.824120e-03,-3.497487e-03
4.480625000e-03,-1.608040e-03,-3.497487e-03
4.481250000e-03,3.216080e-03,-3.497487e-03
4.481875000e-03,-1.206030e-03,-3.497487e-03
4.482500000e-03,-5.226130e-03,-3.497487e-03
4.483125000e-03,4.020100e-04,-3.497487e-03
4.483750000e-03,2.010050e-03,-3.497487e-03
4.484375000e-03,-2.412060e-03,-3.497487e-03
4.485000000e-03,-4.824120e-03,-3.497487e-03
4.485625000e-03,4.020100e-04,-3.497487e-03
4.486250000e-03,2.412060e-03,-3.497487e-03
4.486875000e-03,-4.020100e-03,-3.497487e-03
4.487500000e-03,-4.020100e-03,-3.497487e-03
4.488125000e-03,4.020100e-04,-3.497487e-03
4.488750000e-03,1.206030e-03,-3.497487e-03
4.489375000e-03,-3.618090e-03,-3.497487e-03
4.490000000e-03,-3.216080e-03,-3.497487e-03
4.490625000e-03,2.412060e-03,-3.497487e-03
4.491250000e-03,0.000000e+00,-3.497487e-03
4.491875000e-03,-4.020100e-03,-3.497487e-03
4.492500000e-03,-2.814070e-03,-3.497487e-03
4.493125000e-03,2.814070e-03,-3.497487e-03
4.493750000e-03,0.000000e+00,-3.497487e-03
4.494375000e-03,-5.226130e-03,-3.497487e-03
4.495000000e-03,-8.040200e-04,-3.497487e-03
4.495625000e-03,2.412060e-03,-3.497487e-03
4.496250000e-03,-1.608040e-03,-3.497487e-03
4.496875000e-03,-4.020100e-03,-3.497487e-03
4.497500000e-03,-4.020100e-04,-3.497487e-03
4.498125000e-03,2.814070e-03,-3.497487e-03
4.498750000e-03,-2.814070e-03,-3.497487e-03
4.499375000e-03,-4.422110e-03,-3.497487e-03
4.500000000e-03,1.206030e-03,-3.497487e-03
4.500625000e-03,1.608040e-03,-3.497487e-03
4.501250000e-03,-3.216080e-03,-3.497487e-03
4.501875000e-03,-5.628140e-03,-3.497487e-03
4.502500000e-03,1.206030e-03,-3.497487e-03
4.503125000e-03,8.040200e-04,-3.497487e-03
4.503750000e-03,-3.216080e-03,-3.497487e-03
4.504375000e-03,-1.608040e-03,-3.497487e-03
4.505000000e-03,1.608040e-03,-3.497487e-03
4.505625000e-03,0.000000e+00,-3.497487e-03
4.506250000e-03,-4.824120e-03,-3.497487e-03
4.506875000e-03,-2.010050e-03,-3.497487e-03
4.507500000e-03,2.412060e-03,-3.497487e-03
4.508125000e-03,-8.040200e-04,-3.497487e-03
4.508750000e-03,-4.422110e-03,-3.497487e-03
4.509375000e-03,-2.412060e-03,-3.497487e-03
4.510000000e-03,2.814070e-03,-3.497487e-03
4.510625000e-03,-8.040200e-04,-3.497487e-03
4.511250000e-03,-4.422110e-03,-3.497487e-03
4.511875000e-03,0.000000e+00,-3.497487e-03
4.512500000e-03,2.010050e-03,-3.497487e-03
4.513125000e-03,-2.814070e-03,-3.497487e-03
4.513750000e-03,-4.422110e-03,-3.497487e-03
4.514375000e-03,8.040200e-04,-3.497487e-03
4.515000000e-03,2.814070e-03,-3.497487e-03
4.515625000e-03,-4.020100e-03,-3.497487e-03
4.516250000e-03,-4.020100e-03,-3.497487e-03
4.516875000e-03,8.040200e-04,-3.497487e-03
4.517500000e-03,1.206030e-03,-3.497487e-03
4.518125000e-03,-3.618090e-03,-3.497487e-03
4.518750000e-03,-3.216080e-03,-3.497487e-03
4.519375000e-03,2.412060e-03,-3.497487e-03
4.520000000e-03,-4.020100e-04,-3.497487e-03
4.520625000e-03,-4.422110e-03,-3.497487e-03
4.521250000e-03,-2.010050e-03,-3.497487e-03
4.521875000e-03,2.814070e-03,-3.497487e-03
4.522500000e-03,0.000000e+00,-3.497487e-03
4.523125000e-03,-5.628140e-03,-3.497487e-03
4.523750000e-03,-8.040200e-04,-3.497487e-03
4.524375000e-03,2.010050e-03,-3.497487e-03
4.525000000e-03,-1.206030e-03,-3.497487e-03
4.525625000e-03,-4.020100e-03,-3.497487e-03
4.526250000e-03,0.000000e+00,-3.497487e-03
4.526875000e-03,2.010050e-03,-3.497487e-03
4.527500000e-03,-3.618090e-03,-3.497487e-03
4.528125000e-03,-3.618090e-03,-3.497487e-03
4.528750000e-03,4.020100e-04,-3.497487e-03
4.529375000e-03,2.010050e-03,-3.497487e-03
4.530000000e-03,-3.618090e-03,-3.497487e-03
4.530625000e-03,-4.422110e-03,-3.497487e-03
4.531250000e-03,1.206030e-03,-3.497487e-03
4.531875000e-03,1.206030e-03,-3.497487e-03
4.532500000e-03,-3.618090e-03,-3.497487e-03
4.533125000e-03,-2.814070e-03,-3.497487e-03
4.533750000e-03,1.608040e-03,-3.497487e-03
4.534375000e-03,4.020100e-04,-3.497487e-03
4.535000000e-03,-5.226130e-03,-3.497487e-03
4.535625000e-03,-1.608040e-03,-3.497487e-03
4.536250000e-03,2.412060e-03,-3.497487e-03
4.536875000e-03,-8.040200e-04,-3.497487e-03
4.537500000e-03,-4.422110e-03,-3.497487e-03
4.538125000e-03,-1.206030e-03,-3.497487e-03
4.538750000e-03,2.814070e-03,-3.497487e-03
4.539375000e-03,-2.010050e-03,-3.497487e-03
4.540000000e-03,-4.824120e-03,-3.497487e-03
4.540625000e-03,4.020100e-04,-3.497487e-03
4.541250000e-03,1.608040e-03,-3.497487e-03
4.541875000e-03,-2.814070e-03,-3.497487e-03
4.542500000e-03,-4.824120e-03,-3.497487e-03
4.543125000e-03,2.010050e-03,-3.497487e-03
4.543750000e-03,1.608040e-03,-3.497487e-03
4.544375000e-03,-4.422110e-03,-3.497487e-03
4.545000000e-03,-4.020100e-03,-3.497487e-03
4.545625000e-03,8.040200e-04,-3.497487e-03
4.546250000e-03,1.206030e-03,-3.497487e-03
4.546875000e-03,-4.020100e-03,-3.497487e-03
4.547500000e-03,-2.010050e-03,-3.497487e-03
4.548125000e-03,2.814070e-03,-3.497487e-03
4.548750000e-03,0.000000e+00,-3.497487e-03
4.549375000e-03,-4.020100e-03,-3.497487e-03
4.550000000e-03,-2.010050e-03,-3.497487e-03
4.550625000e-03,2.814070e-03,-3.497487e-03
4.551250000e-03,-8.040200e-04,-3.497487e-03
4.551875000e-03,-5.628140e-03,-3.497487e-03
4.552500000e-03,-1.608040e-03,-3.497487e-03
4.553125000e-03,2.010050e-03,-3.497487e-03
4.553750000e-03,-8.040200e-04,-3.497487e-03
4.554375000e-03,-4.422110e-03,-3.497487e-03
4.555000000e-03,4.020100e-04,-3.497487e-03
4.555625000e-03,2.814070e-03,-3.497487e-03
4.556250000e-03,-3.618090e-03,-3.497487e-03
4.556875000e-03,-3.618090e-03,-3.497487e-03
4.557500000e-03,1.206030e-03,-3.497487e-03
4.558125000e-03,1.206030e-03,-3.497487e-03
4.558750000e-03,-4.422110e-03,-3.497487e-03
4.559375000e-03,-4.422110e-03,-3.497487e-03
4.560000000e-03,2.010050e-03,-3.497487e-03
4.560625000e-03,8.040200e-04,-3.497487e-03
4.561250000e-03,-3.618090e-03,-3.497487e-03
4.561875000e-03,-2.814070e-03,-3.497487e-03
4.562500000e-03,1.608040e-03,-3.497487e-03
4.563125000e-03,0.000000e+00,-3.497487e-03
4.563750000e-03,-5.226130e-03,-3.497487e-03
4.564375000e-03,-1.206030e-03,-3.497487e-03
4.565000000e-03,2.010050e-03,-3.497487e-03
4.565625000e-03,-8.040200e-04,-3.497487e-03
4.566250000e-03,-5.226130e-03,-3.497487e-03
4.566875000e-03,-1.206030e-03,-3.497487e-03
4.567500000e-03,2.412060e-03,-3.497487e-03
4.568125000e-03,-2.010050e-03,-3.497487e-03
4.568750000e-03,-4.422110e-03,-3.497487e-03
4.569375000e-03,0.000000e+00,-3.497487e-03
4.570000000e-03,2.010050e-03,-3.497487e-03
4.570625000e-03,-2.412060e-03,-3.497487e-03
4.571250000e-03,-4.824120e-03,-3.497487e-03
4.571875000e-03,1.608040e-03,-3.497487e-03
4.572500000e-03,1.206030e-03,-3.497487e-03
4.573125000e-03,-4.020100e-03,-3.497487e-03
4.573750000e-03,-4.020100e-03,-3.497487e-03
4.574375000e-03,1.608040e-03,-3.497487e-03
4.575000000e-03,8.040200e-04,-3.497487e-03
4.575625000e-03,-5.226130e-03,-3.497487e-03
4.576250000e-03,-1.608040e-03,-3.497487e-03
4.576875000e-03,2.814070e-03,-3.497487e-03
4.577500000e-03,-4.020100e-04,-3.497487e-03
4.578125000e-03,-4.422110e-03,-3.497487e-03
4.578750000e-03,-1.206030e-03,-3.497487e-03
4.579375000e-03,3.216080e-03,-3.497487e-03
4.580000000e-03,-1.206030e-03,-3.497487e-03
4.580625000e-03,-5.226130e-03,-3.497487e-03
4.581250000e-03,-4.020100e-04,-3.497487e-03
4.581875000e-03,1.608040e-03,-3.497487e-03
4.582500000e-03,-8.040200e-04,-3.497487e-03
4.583125000e-03,-4.422110e-03,-3.497487e-03
4.583750000e-03,8.040200e-04,-3.497487e-03
4.584375000e-03,2.010050e-03,-3.497487e-03
4.585000000e-03,-4.020100e-03,-3.497487e-03
4.585625000e-03,-4.824120e-03,-3.497487e-03
4.586250000e-03,1.206030e-03,-3.497487e-03
4.586875000e-03,1.608040e-03,-3.497487e-03
4.587500000e-03,-4.422110e-03,-3.497487e-03
4.588125000e-03,-3.618090e-03,-3.497487e-03
4.588750000e-03,2.010050e-03,-3.497487e-03
4.589375000e-03,0.000000e+00,-3.497487e-03
4.590000000e-03,-3.618090e-03,-3.497487e-03
4.590625000e-03,-2.412060e-03,-3.497487e-03
4.591250000e-03,2.010050e-03,-3.497487e-03
4.591875000e-03,-4.020100e-04,-3.497487e-03
4.592500000e-03,-5.628140e-03,-3.497487e-03
4.593125000e-03,-4.020100e-04,-3.497487e-03
4.593750000e-03,2.814070e-03,-3.497487e-03
4.594375000e-03,-4.020100e-04,-3.497487e-03
4.595000000e-03,-5.628140e-03,-3.497487e-03
4.595625000e-03,-4.020100e-04,-3.497487e-03
4.596250000e-03,3.216080e-03,-3.497487e-03
4.596875000e-03,-2.412060e-03,-3.497487e-03
4.597500000e-03,-4.020100e-03,-3.497487e-03
4.598125000e-03,8.040200e-04,-3.497487e-03
4.598750000e-03,1.206030e-03,-3.497487e-03
4.599375000e-03,-3.216080e-03,-3.497487e-03
4.600000000e-03,-4.020100e-03,-3.497487e-03
4.600625000e-03,2.010050e-03,-3.497487e-03
4.601250000e-03,4.020100e-04,-3.497487e-03
4.601875000e-03,-3.618090e-03,-3.497487e-03
4.602500000e-03,-3.618090e-03,-3.497487e-03
4.603125000e-03,1.608040e-03,-3.497487e-03
4.603750000e-03,8.040200e-04,-3.497487e-03
4.604375000e-03,-4.824120e-03,-3.497487e-03
4.605000000e-03,-2.010050e-03,-3.497487e-03
4.605625000e-03,2.412060e-03,-3.497487e-03
4.606250000e-03,-1.206030e-03,-3.497487e-03
4.606875000e-03,-4.824120e-03,-3.497487e-03
4.607500000e-03,-1.206030e-03,-3.497487e-03
4.608125000e-03,3.216080e-03,-3.497487e-03
4.608750000e-03,-1.608040e-03,-3.497487e-03
4.609375000e-03,-5.226130e-03,-3.497487e-03
4.610000000e-03,-4.020100e-04,-3.497487e-03
4.610625000e-03,2.412060e-03,-3.497487e-03
4.611250000e-03,-2.010050e-03,-3.497487e-03
4.611875000e-03,-4.824120e-03,-3.497487e-03
4.612500000e-03,1.206030e-03,-3.497487e-03
4.613125000e-03,2.010050e-03,-3.497487e-03
4.613750000e-03,-3.618090e-03,-3.497487e-03
4.614375000e-03,-4.422110e-03,-3.497487e-03
4.615000000e-03,1.206030e-03,-3.497487e-03
4.615625000e-03,1.608040e-03,-3.497487e-03
4.616250000e-03,-4.422110e-03,-3.497487e-03
4.616875000e-03,-2.814070e-03,-3.497487e-03
4.617500000e-03,2.412060e-03,-3.497487e-03
4.618125000e-03,0.000000e+00,-3.497487e-03
4.618750000e-03,-4.422110e-03,-3.497487e-03
4.619375000e-03,-2.814070e-03,-3.497487e-03
4.620000000e-03,2.814070e-03,-3.497487e-03
4.620625000e-03,-8.040200e-04,-3.497487e-03
4.621250000e-03,-4.824120e-03,-3.497487e-03
4.621875000e-03,-4.020100e-04,-3.497487e-03
4.622500000e-03,2.412060e-03,-3.497487e-03
4.623125000e-03,-1.206030e-03,-3.497487e-03
4.623750000e-03,-4.824120e-03,-3.497487e-03
4.624375000e-03,0.000000e+00,-3.497487e-03
4.625000000e-03,2.010050e-03,-3.497487e-03
4.625625000e-03,-2.814070e-03,-3.497487e-03
4.626250000e-03,-3.618090e-03,-3.497487e-03
4.626875000e-03,0.000000e+00,-3.497487e-03
4.627500000e-03,1.608040e-03,-3.497487e-03
4.628125000e-03,-3.618090e-03,-3.497487e-03
4.628750000e-03,-3.618090e-03,-3.497487e-03
4.629375000e-03,2.010050e-03,-3.497487e-03
4.630000000e-03,4.020100e-04,-3.497487e-03
4.630625000e-03,-3.618090e-03,-3.497487e-03
4.631250000e-03,-2.814070e-03,-3.497487e-03
4.631875000e-03,2.412060e-03,-3.497487e-03
4.632500000e-03,0.000000e+00,-3.497487e-03
4.633125000e-03,-4.824120e-03,-3.497487e-03
4.633750000e-03,-1.206030e-03,-3.497487e-03
4.634375000e-03,2.010050e-03,-3.497487e-03
4.635000000e-03,-1.206030e-03,-3.497487e-03
4.635625000e-03,-5.628140e-03,-3.497487e-03
4.636250000e-03,-8.040200e-04,-3.497487e-03
4.636875000e-03,2.814070e-03,-3.497487e-03
4.637500000e-03,-2.814070e-03,-3.497487e-03
4.638125000e-03,-4.020100e-03,-3.497487e-03
4.638750000e-03,0.000000e+00,-3.497487e-03
4.639375000e-03,2.412060e-03,-3.497487e-03
4.640000000e-03,-2.412060e-03,-3.497487e-03
4.640625000e-03,-4.422110e-03,-3.497487e-03
4.641250000e-03,1.206030e-03,-3.497487e-03
4.641875000e-03,1.608040e-03,-3.497487e-03
4.642500000e-03,-3.618090e-03,-3.497487e-03
4.643125000e-03,-4.020100e-03,-3.497487e-03
4.643750000e-03,1.206030e-03,-3.497487e-03
4.644375000e-03,1.206030e-03,-3.497487e-03
4.645000000e-03,-4.422110e-03,-3.497487e-03
4.645625000e-03,-2.412060e-03,-3.497487e-03
4.646250000e-03,2.010050e-03,-3.497487e-03
4.646875000e-03,-8.040200e-04,-3.497487e-03
4.647500000e-03,-4.824120e-03,-3.497487e-03
4.648125000e-03,-2.010050e-03,-3.497487e-03
4.648750000e-03,2.412060e-03,-3.497487e-03
4.649375000e-03,-1.608040e-03,-3.497487e-03
4.650000000e-03,-5.628140e-03,-3.497487e-03
4.650625000e-03,-8.040200e-04,-3.497487e-03
4.651250000e-03,3.216080e-03,-3.497487e-03
4.651875000e-03,-1.206030e-03,-3.497487e-03
4.652500000e-03,-4.824120e-03,-3.497487e-03
4.653125000e-03,8.040200e-04,-3.497487e-03
4.653750000e-03,2.010050e-03,-3.497487e-03
4.654375000e-03,-3.216080e-03,-3.497487e-03
4.655000000e-03,-3.216080e-03,-3.497487e-03
4.655625000e-03,8.040200e-04,-3.497487e-03
4.656250000e-03,1.206030e-03,-3.497487e-03
4.656875000e-03,-4.824120e-03,-3.497487e-03
4.657500000e-03,-3.216080e-03,-3.497487e-03
4.658125000e-03,8.040200e-04,-3.497487e-03
4.658750000e-03,4.020100e-04,-3.497487e-03
4.659375000e-03,-3.618090e-03,-3.497487e-03
4.660000000e-03,-2.814070e-03,-3.497487e-03
4.660625000e-03,2.412060e-03,-3.497487e-03
4.661250000e-03,0.000000e+00,-3.497487e-03
4.661875000e-03,-5.226130e-03,-3.497487e-03
4.662500000e-03,-1.608040e-03,-3.497487e-03
4.663125000e-03,2.412060e-03,-3.497487e-03
4.663750000e-03,-4.020100e-04,-3.497487e-03
4.664375000e-03,-4.824120e-03,-3.497487e-03
4.665000000e-03,-4.020100e-04,-3.497487e-03
4.665625000e-03,2.814070e-03,-3.497487e-03
4.666250000e-03,-2.412060e-03,-3.497487e-03
4.666875000e-03,-3.618090e-03,-3.497487e-03
4.667500000e-03,4.020100e-04,-3.497487e-03
4.668125000e-03,2.010050e-03,-3.497487e-03
4.668750000e-03,-4.020100e-03,-3.497487e-03
4.669375000e-03,-4.422110e-03,-3.497487e-03
4.670000000e-03,1.608040e-03,-3.497487e-03
4.670625000e-03,4.020100e-04,-3.497487e-03
4.671250000e-03,-4.020100e-03,-3.497487e-03
4.671875000e-03,-3.216080e-03,-3.497487e-03
4.672500000e-03,2.010050e-03,-3.497487e-03
4.673125000e-03,1.206030e-03,-3.497487e-03
4.673750000e-03,-4.422110e-03,-3.497487e-03
4.674375000e-03,-2.010050e-03,-3.497487e-03
4.675000000e-03,1.206030e-03,-3.497487e-03
4.675625000e-03,0.000000e+00,-3.497487e-03
4.676250000e-03,-4.422110e-03,-3.497487e-03
4.676875000e-03,-1.608040e-03,-3.497487e-03
4.677500000e-03,2.412060e-03,-3.497487e-03
4.678125000e-03,-1.608040e-03,-3.497487e-03
4.678750000e-03,-3.618090e-03,-3.497487e-03
4.679375000e-03,-4.020100e-04,-3.497487e-03
4.680000000e-03,2.010050e-03,-3.497487e-03
4.680625000e-03,-1.206030e-03,-3.497487e-03
4.681250000e-03,-4.422110e-03,-3.497487e-03
4.681875000e-03,4.020100e-04,-3.497487e-03
4.682500000e-03,1.206030e-03,-3.497487e-03
4.683125000e-03,-4.020100e-03,-3.497487e-03
4.683750000e-03,-3.216080e-03,-3.497487e-03
4.684375000e-03,1.206030e-03,-3.497487e-03
4.685000000e-03,1.206030e-03,-3.497487e-03
4.685625000e-03,-4.422110e-03,-3.497487e-03
4.686250000e-03,-2.412060e-03,-3.497487e-03
4.686875000e-03,1.206030e-03,-3.497487e-03
4.687500000e-03,8.040200e-04,-3.497487e-03
4.688125000e-03,-3.618090e-03,-3.497487e-03
4.688750000e-03,-2.814070e-03,-3.497487e-03
4.689375000e-03,1.608040e-03,-3.497487e-03
4.690000000e-03,-1.206030e-03,-3.497487e-03
4.690625000e-03,-4.422110e-03,-3.497487e-03
4.691250000e-03,-8.040200e-04,-3.497487e-03
4.691875000e-03,2.010050e-03,-3.497487e-03
4.692500000e-03,-1.608040e-03,-3.497487e-03
4.693125000e-03,-5.226130e-03,-3.497487e-03
4.693750000e-03,-4.020100e-04,-3.497487e-03
4.694375000e-03,2.010050e-03,-3.497487e-03
4.695000000e-03,-2.412060e-03,-3.497487e-03
4.695625000e-03,-3.216080e-03,-3.497487e-03
4.696250000e-03,0.000000e+00,-3.497487e-03
4.696875000e-03,2.010050e-03,-3.497487e-03
4.697500000e-03,-3.618090e-03,-3.497487e-03
4.698125000e-03,-2.814070e-03,-3.497487e-03
4.698750000e-03,1.608040e-03,-3.497487e-03
4.699375000e-03,0.000000e+00,-3.497487e-03
4.700000000e-03,-3.618090e-03,-3.497487e-03
4.700625000e-03,-3.618090e-03,-3.497487e-03
4.701250000e-03,1.608040e-03,-3.497487e-03
4.701875000e-03,8.040200e-04,-3.497487e-03
4.702500000e-03,-4.422110e-03,-3.497487e-03
4.703125000e-03,-2.010050e-03,-3.497487e-03
4.703750000e-03,2.010050e-03,-3.497487e-03
4.704375000e-03,0.000000e+00,-3.497487e-03
4.705000000e-03,-5.628140e-03,-3.497487e-03
4.705625000e-03,-4.020100e-04,-3.497487e-03
4.706250000e-03,3.216080e-03,-3.497487e-03
4.706875000e-03,-1.608040e-03,-3.497487e-03
4.707500000e-03,-4.824120e-03,-3.497487e-03
4.708125000e-03,-4.020100e-04,-3.497487e-03
4.708750000e-03,2.010050e-03,-3.497487e-03
4.709375000e-03,-2.010050e-03,-3.497487e-03
4.710000000e-03,-3.618090e-03,-3.497487e-03
4.710625000e-03,1.206030e-03,-3.497487e-03
4.711250000e-03,8.040200e-04,-3.497487e-03
4.711875000e-03,-3.618090e-03,-3.497487e-03
4.712500000e-03,-4.020100e-03,-3.497487e-03
4.713125000e-03,1.206030e-03,-3.497487e-03
4.713750000e-03,1.206030e-03,-3.497487e-03
4.714375000e-03,-4.824120e-03,-3.497487e-03
4.715000000e-03,-3.216080e-03,-3.497487e-03
4.715625000e-03,8.040200e-04,-3.497487e-03
4.716250000e-03,0.000000e+00,-3.497487e-03
4.716875000e-03,-3.618090e-03,-3.497487e-03
4.717500000e-03,-2.010050e-03,-3.497487e-03
4.718125000e-03,2.010050e-03,-3.497487e-03
4.718750000e-03,-8.040200e-04,-3.497487e-03
4.719375000e-03,-4.422110e-03,-3.497487e-03
4.720000000e-03,0.000000e+00,-3.497487e-03
4.720625000e-03,2.814070e-03,-3.497487e-03
4.721250000e-03,-1.206030e-03,-3.497487e-03
4.721875000e-03,-5.628140e-03,-3.497487e-03
4.722500000e-03,0.000000e+00,-3.497487e-03
4.723125000e-03,1.608040e-03,-3.497487e-03
4.723750000e-03,-2.412060e-03,-3.497487e-03
4.724375000e-03,-4.020100e-03,-3.497487e-03
4.725000000e-03,8.040200e-04,-3.497487e-03
4.725625000e-03,1.206030e-03,-3.497487e-03
4.726250000e-03,-4.422110e-03,-3.497487e-03
4.726875000e-03,-3.216080e-03,-3.497487e-03
4.727500000e-03,2.010050e-03,-3.497487e-03
4.728125000e-03,8.040200e-04,-3.497487e-03
4.728750000e-03,-3.618090e-03,-3.497487e-03
4.729375000e-03,-3.216080e-03,-3.497487e-03
4.730000000e-03,2.010050e-03,-3.497487e-03
4.730625000e-03,0.000000e+00,-3.497487e-03
4.731250000e-03,-3.618090e-03,-3.497487e-03
4.731875000e-03,-1.608040e-03,-3.497487e-03
4.732500000e-03,8.040200e-04,-3.497487e-03
4.733125000e-03,-1.206030e-03,-3.497487e-03
4.733750000e-03,-4.824120e-03,-3.497487e-03
4.734375000e-03,0.000000e+00,-3.497487e-03
4.735000000e-03,2.814070e-03,-3.497487e-03
4.735625000e-03,-2.010050e-03,-3.497487e-03
4.736250000e-03,-4.824120e-03,-3.497487e-03
4.736875000e-03,-8.040200e-04,-3.497487e-03
4.737500000e-03,1.608040e-03,-3.497487e-03
4.738125000e-03,-2.412060e-03,-3.497487e-03
4.738750000e-03,-3.618090e-03,-3.497487e-03
4.739375000e-03,4.020100e-04,-3.497487e-03
4.740000000e-03,4.020100e-04,-3.497487e-03
4.740625000e-03,-2.814070e-03,-3.497487e-03
4.741250000e-03,-4.020100e-03,-3.497487e-03
4.741875000e-03,2.412060e-03,-3.497487e-03
4.742500000e-03,1.608040e-03,-3.497487e-03
4.743125000e-03,-4.020100e-03,-3.497487e-03
4.743750000e-03,-3.216080e-03,-3.497487e-03
4.744375000e-03,8.040200e-04,-3.497487e-03
4.745000000e-03,0.000000e+00,-3.497487e-03
4.745625000e-03,-4.020100e-03,-3.497487e-03
4.746250000e-03,-1.206030e-03,-3.497487e-03
4.746875000e-03,2.010050e-03,-3.497487e-03
4.747500000e-03,-2.412060e-03,-3.497487e-03
4.748125000e-03,-4.020100e-03,-3.497487e-03
4.748750000e-03,0.000000e+00,-3.497487e-03
4.749375000e-03,2.412060e-03,-3.497487e-03
4.750000000e-03,-1.608040e-03,-3.497487e-03
4.750625000e-03,-5.628140e-03,-3.497487e-03
4.751250000e-03,-4.020100e-04,-3.497487e-03
4.751875000e-03,4.020100e-04,-3.497487e-03
4.752500000e-03,-1.608040e-03,-3.497487e-03
4.753125000e-03,-3.618090e-03,-3.497487e-03
4.753750000e-03,4.020100e-04,-3.497487e-03
4.754375000e-03,8.040200e-04,-3.497487e-03
4.755000000e-03,-4.020100e-03,-3.497487e-03
4.755625000e-03,-2.412060e-03,-3.497487e-03
4.756250000e-03,2.010050e-03,-3.497487e-03
4.756875000e-03,1.206030e-03,-3.497487e-03
4.757500000e-03,-4.020100e-03,-3.497487e-03
4.758125000e-03,-3.618090e-03,-3.497487e-03
4.758750000e-03,2.412060e-03,-3.497487e-03
4.759375000e-03,-4.020100e-04,-3.497487e-03
4.760000000e-03,-3.216080e-03,-3.497487e-03
4.760625000e-03,-1.608040e-03,-3.497487e-03
4.761250000e-03,1.608040e-03,-3.497487e-03
4.761875000e-03,-1.206030e-03,-3.497487e-03
4.762500000e-03,-5.628140e-03,-3.497487e-03
4.763125000e-03,-4.020100e-04,-3.497487e-03
4.763750000e-03,2.412060e-03,-3.497487e-03
4.764375000e-03,-2.010050e-03,-3.497487e-03
4.765000000e-03,-4.422110e-03,-3.497487e-03
4.765625000e-03,-4.020100e-04,-3.497487e-03
4.766250000e-03,1.608040e-03,-3.497487e-03
4.766875000e-03,-2.814070e-03,-3.497487e-03
4.767500000e-03,-3.216080e-03,-3.497487e-03
4.768125000e-03,8.040200e-04,-3.497487e-03
4.768750000e-03,0.000000e+00,-3.497487e-03
4.769375000e-03,-2.814070e-03,-3.497487e-03
4.770000000e-03,-3.618090e-03,-3.497487e-03
4.770625000e-03,2.814070e-03,-3.497487e-03
4.771250000e-03,8.040200e-04,-3.497487e-03
4.771875000e-03,-4.422110e-03,-3.497487e-03
4.772500000e-03,-3.618090e-03,-3.497487e-03
4.773125000e-03,2.010050e-03,-3.497487e-03
4.773750000e-03,0.000000e+00,-3.497487e-03
4.774375000e-03,-4.020100e-03,-3.497487e-03
4.775000000e-03,-1.608040e-03,-3.497487e-03
4.775625000e-03,2.010050e-03,-3.497487e-03
4.776250000e-03,-1.608040e-03,-3.497487e-03
4.776875000e-03,-4.422110e-03,-3.497487e-03
4.777500000e-03,-8.040200e-04,-3.497487e-03
4.778125000e-03,3.216080e-03,-3.497487e-03
4.778750000e-03,-2.412060e-03,-3.497487e-03
4.779375000e-03,-5.226130e-03,-3.497487e-03
4.780000000e-03,0.000000e+00,-3.497487e-03
4.780625000e-03,1.608040e-03,-3.497487e-03
4.781250000e-03,-2.010050e-03,-3.497487e-03
4.781875000e-03,-4.422110e-03,-3.497487e-03
4.782500000e-03,8.040200e-04,-3.497487e-03
4.783125000e-03,1.206030e-03,-3.497487e-03
4.783750000e-03,-4.020100e-03,-3.497487e-03
4.784375000e-03,-2.814070e-03,-3.497487e-03
4.785000000e-03,1.608040e-03,-3.497487e-03
4.785625000e-03,8.040200e-04,-3.497487e-03
4.786250000e-03,-4.422110e-03,-3.497487e-03
4.786875000e-03,-3.618090e-03,-3.497487e-03
4.787500000e-03,2.010050e-03,-3.497487e-03
4.788125000e-03,-4.020100e-04,-3.497487e-03
4.788750000e-03,-3.216080e-03,-3.497487e-03
4.789375000e-03,-1.608040e-03,-3.497487e-03
4.790000000e-03,1.608040e-03,-3.497487e-03
4.790625000e-03,-8.040200e-04,-3.497487e-03
4.791250000e-03,-4.422110e-03,-3.497487e-03
4.791875000e-03,0.000000e+00,-3.497487e-03
4.792500000e-03,2.412060e-03,-3.497487e-03
4.793125000e-03,-2.010050e-03,-3.497487e-03
4.793750000e-03,-4.824120e-03,-3.497487e-03
4.794375000e-03,0.000000e+00,-3.497487e-03
4.795000000e-03,2.010050e-03,-3.497487e-03
4.795625000e-03,-3.216080e-03,-3.497487e-03
4.796250000e-03,-2.814070e-03,-3.497487e-03
4.796875000e-03,4.020100e-04,-3.497487e-03
4.797500000e-03,8.040200e-04,-3.497487e-03
4.798125000e-03,-3.618090e-03,-3.497487e-03
4.798750000e-03,-3.618090e-03,-3.497487e-03
4.799375000e-03,2.814070e-03,-3.497487e-03
4.800000000e-03,0.000000e+00,-3.497487e-03
4.800625000e-03,-5.226130e-03,-3.497487e-03
4.801250000e-03,-3.216080e-03,-3.497487e-03
4.801875000e-03,1.608040e-03,-3.497487e-03
4.802500000e-03,4.020100e-04,-3.497487e-03
4.803125000e-03,-4.020100e-03,-3.497487e-03
4.803750000e-03,-1.206030e-03,-3.497487e-03
4.804375000e-03,1.608040e-03,-3.497487e-03
4.805000000e-03,-2.412060e-03,-3.497487e-03
4.805625000e-03,-4.422110e-03,-3.497487e-03
4.806250000e-03,0.000000e+00,-3.497487e-03
4.806875000e-03,3.216080e-03,-3.497487e-03
4.807500000e-03,-2.814070e-03,-3.497487e-03
4.808125000e-03,-4.422110e-03,-3.497487e-03
4.808750000e-03,0.000000e+00,-3.497487e-03
4.809375000e-03,1.608040e-03,-3.497487e-03
4.810000000e-03,-2.412060e-03,-3.497487e-03
4.810625000e-03,-3.618090e-03,-3.497487e-03
4.811250000e-03,8.040200e-04,-3.497487e-03
4.811875000e-03,0.000000e+00,-3.497487e-03
4.812500000e-03,-4.422110e-03,-3.497487e-03
4.813125000e-03,-3.216080e-03,-3.497487e-03
4.813750000e-03,1.608040e-03,-3.497487e-03
4.814375000e-03,1.206030e-03,-3.497487e-03
4.815000000e-03,-4.824120e-03,-3.497487e-03
4.815625000e-03,-2.412060e-03,-3.497487e-03
4.816250000e-03,2.010050e-03,-3.497487e-03
4.816875000e-03,0.000000e+00,-3.497487e-03
4.817500000e-03,-3.216080e-03,-3.497487e-03
4.818125000e-03,-2.010050e-03,-3.497487e-03
4.818750000e-03,1.206030e-03,-3.497487e-03
4.819375000e-03,-1.608040e-03,-3.497487e-03
4.820000000e-03,-4.020100e-03,-3.497487e-03
4.820625000e-03,-4.020100e-04,-3.497487e-03
4.821250000e-03,2.010050e-03,-3.497487e-03
4.821875000e-03,-1.608040e-03,-3.497487e-03
4.822500000e-03,-4.824120e-03,-3.497487e-03
4.823125000e-03,0.000000e+00,-3.497487e-03
4.823750000e-03,1.206030e-03,-3.497487e-03
4.824375000e-03,-2.814070e-03,-3.497487e-03
4.825000000e-03,-2.814070e-03,-3.497487e-03
4.825625000e-03,4.020100e-04,-3.497487e-03
4.826250000e-03,0.000000e+00,-3.497487e-03
4.826875000e-03,-4.422110e-03,-3.497487e-03
4.827500000e-03,-2.010050e-03,-3.497487e-03
4.828125000e-03,2.412060e-03,-3.497487e-03
4.828750000e-03,4.020100e-04,-3.497487e-03
4.829375000e-03,-3.618090e-03,-3.497487e-03
4.830000000e-03,-2.814070e-03,-3.497487e-03
4.830625000e-03,2.010050e-03,-3.497487e-03
4.831250000e-03,0.000000e+00,-3.497487e-03
4.831875000e-03,-4.422110e-03,-3.497487e-03
4.832500000e-03,-1.206030e-03,-3.497487e-03
4.833125000e-03,8.040200e-04,-3.497487e-03
4.833750000e-03,-1.608040e-03,-3.497487e-03
4.834375000e-03,-4.020100e-03,-3.497487e-03
4.835000000e-03,0.000000e+00,-3.497487e-03
4.835625000e-03,2.814070e-03,-3.497487e-03
4.836250000e-03,-2.814070e-03,-3.497487e-03
4.836875000e-03,-4.824120e-03,-3.497487e-03
4.837500000e-03,4.020100e-04,-3.497487e-03
4.838125000e-03,1.608040e-03,-3.497487e-03
4.838750000e-03,-3.216080e-03,-3.497487e-03
4.839375000e-03,-3.216080e-03,-3.497487e-03
4.840000000e-03,1.608040e-03,-3.497487e-03
4.840625000e-03,0.000000e+00,-3.497487e-03
4.841250000e-03,-4.422110e-03,-3.497487e-03
4.841875000e-03,-2.010050e-03,-3.497487e-03
4.842500000e-03,2.010050e-03,-3.497487e-03
4.843125000e-03,4.020100e-04,-3.497487e-03
4.843750000e-03,-5.226130e-03,-3.497487e-03
4.844375000e-03,-2.010050e-03,-3.497487e-03
4.845000000e-03,2.010050e-03,-3.497487e-03
4.845625000e-03,-4.020100e-04,-3.497487e-03
4.846250000e-03,-4.020100e-03,-3.497487e-03
4.846875000e-03,-8.040200e-04,-3.497487e-03
4.847500000e-03,2.412060e-03,-3.497487e-03
4.848125000e-03,-1.608040e-03,-3.497487e-03
4.848750000e-03,-4.020100e-03,-3.497487e-03
4.849375000e-03,0.000000e+00,-3.497487e-03
4.850000000e-03,1.206030e-03,-3.497487e-03
4.850625000e-03,-1.608040e-03,-3.497487e-03
4.851250000e-03,-4.824120e-03,-3.497487e-03
4.851875000e-03,0.000000e+00,-3.497487e-03
4.852500000e-03,1.206030e-03,-3.497487e-03
4.853125000e-03,-3.216080e-03,-3.497487e-03
4.853750000e-03,-2.814070e-03,-3.497487e-03
4.854375000e-03,1.206030e-03,-3.497487e-03
4.855000000e-03,4.020100e-04,-3.497487e-03
4.855625000e-03,-5.226130e-03,-3.497487e-03
4.856250000e-03,-2.412060e-03,-3.497487e-03
4.856875000e-03,2.010050e-03,-3.497487e-03
4.857500000e-03,-4.020100e-04,-3.497487e-03
4.858125000e-03,-4.020100e-03,-3.497487e-03
4.858750000e-03,-2.010050e-03,-3.497487e-03
4.859375000e-03,1.608040e-03,-3.497487e-03
4.860000000e-03,0.000000e+00,-3.497487e-03
4.860625000e-03,-4.422110e-03,-3.497487e-03
4.861250000e-03,-8.040200e-04,-3.497487e-03
4.861875000e-03,8.040200e-04,-3.497487e-03
4.862500000e-03,-2.010050e-03,-3.497487e-03
4.863125000e-03,-4.824120e-03,-3.497487e-03
4.863750000e-03,0.000000e+00,-3.497487e-03
4.864375000e-03,2.412060e-03,-3.497487e-03
4.865000000e-03,-2.814070e-03,-3.497487e-03
4.865625000e-03,-4.020100e-03,-3.497487e-03
4.866250000e-03,4.020100e-04,-3.497487e-03
4.866875000e-03,1.206030e-03,-3.497487e-03
4.867500000e-03,-2.814070e-03,-3.497487e-03
4.868125000e-03,-3.216080e-03,-3.497487e-03
4.868750000e-03,1.608040e-03,-3.497487e-03
4.869375000e-03,-4.020100e-04,-3.497487e-03
4.870000000e-03,-4.020100e-03,-3.497487e-03
4.870625000e-03,-2.412060e-03,-3.497487e-03
4.871250000e-03,2.412060e-03,-3.497487e-03
4.871875000e-03,0.000000e+00,-3.497487e-03
4.872500000e-03,-5.226130e-03,-3.497487e-03
4.873125000e-03,-2.010050e-03,-3.497487e-03
4.873750000e-03,2.010050e-03,-3.497487e-03
4.874375000e-03,-4.020100e-04,-3.497487e-03
4.875000000e-03,-4.422110e-03,-3.497487e-03
4.875625000e-03,-1.206030e-03,-3.497487e-03
4.876250000e-03,1.608040e-03,-3.497487e-03
4.876875000e-03,-2.814070e-03,-3.497487e-03
4.877500000e-03,-4.020100e-03,-3.497487e-03
4.878125000e-03,4.020100e-04,-3.497487e-03
4.878750000e-03,1.608040e-03,-3.497487e-03
4.879375000e-03,-2.412060e-03,-3.497487e-03
4.880000000e-03,-4.422110e-03,-3.497487e-03
4.880625000e-03,1.206030e-03,-3.497487e-03
4.881250000e-03,4.020100e-04,-3.497487e-03
4.881875000e-03,-3.216080e-03,-3.497487e-03
4.882500000e-03,-2.814070e-03,-3.497487e-03
4.883125000e-03,8.040200e-04,-3.497487e-03
4.883750000e-03,4.020100e-04,-3.497487e-03
4.884375000e-03,-4.422110e-03,-3.497487e-03
4.885000000e-03,-1.608040e-03,-3.497487e-03
4.885625000e-03,2.412060e-03,-3.497487e-03
4.886250000e-03,0.000000e+00,-3.497487e-03
4.886875000e-03,-3.618090e-03,-3.497487e-03
4.887500000e-03,-2.412060e-03,-3.497487e-03
4.888125000e-03,1.608040e-03,-3.497487e-03
4.888750000e-03,-1.206030e-03,-3.497487e-03
4.889375000e-03,-3.618090e-03,-3.497487e-03
4.890000000e-03,0.000000e+00,-3.497487e-03
4.890625000e-03,4.020100e-04,-3.497487e-03
4.891250000e-03,-1.608040e-03,-3.497487e-03
4.891875000e-03,-4.422110e-03,-3.497487e-03
4.892500000e-03,4.020100e-04,-3.497487e-03
4.893125000e-03,2.010050e-03,-3.497487e-03
4.893750000e-03,-3.216080e-03,-3.497487e-03
4.894375000e-03,-4.020100e-03,-3.497487e-03
4.895000000e-03,0.000000e+00,-3.497487e-03
4.895625000e-03,1.206030e-03,-3.497487e-03
4.896250000e-03,-3.618090e-03,-3.497487e-03
4.896875000e-03,-2.412060e-03,-3.497487e-03
4.897500000e-03,1.608040e-03,-3.497487e-03
4.898125000e-03,0.000000e+00,-3.497487e-03
4.898750000e-03,-3.216080e-03,-3.497487e-03
4.899375000e-03,-2.814070e-03,-3.497487e-03
4.900000000e-03,2.010050e-03,-3.497487e-03
4.900625000e-03,0.000000e+00,-3.497487e-03
4.901250000e-03,-5.226130e-03,-3.497487e-03
4.901875000e-03,-2.010050e-03,-3.497487e-03
4.902500000e-03,2.010050e-03,-3.497487e-03
4.903125000e-03,-8.040200e-04,-3.497487e-03
4.903750000e-03,-4.020100e-03,-3.497487e-03
4.904375000e-03,0.000000e+00,-3.497487e-03
4.905000000e-03,2.412060e-03,-3.497487e-03
4.905625000e-03,-2.814070e-03,-3.497487e-03
4.906250000e-03,-4.020100e-03,-3.497487e-03
4.906875000e-03,0.000000e+00,-3.497487e-03
4.907500000e-03,1.608040e-03,-3.497487e-03
4.908125000e-03,-3.216080e-03,-3.497487e-03
4.908750000e-03,-4.422110e-03,-3.497487e-03
4.909375000e-03,1.608040e-03,-3.497487e-03
4.910000000e-03,4.020100e-04,-3.497487e-03
4.910625000e-03,-2.814070e-03,-3.497487e-03
4.911250000e-03,-2.814070e-03,-3.497487e-03
4.911875000e-03,1.608040e-03,-3.497487e-03
4.912500000e-03,0.000000e+00,-3.497487e-03
4.913125000e-03,-4.824120e-03,-3.497487e-03
4.913750000e-03,-2.010050e-03,-3.497487e-03
4.914375000e-03,8.040200e-04,-3.497487e-03
4.915000000e-03,0.000000e+00,-3.497487e-03
4.915625000e-03,-4.422110e-03,-3.497487e-03
4.916250000e-03,-1.206030e-03,-3.497487e-03
4.916875000e-03,2.412060e-03,-3.497487e-03
4.917500000e-03,-2.010050e-03,-3.497487e-03
4.918125000e-03,-3.618090e-03,-3.497487e-03
4.918750000e-03,0.000000e+00,-3.497487e-03
4.919375000e-03,1.206030e-03,-3.497487e-03
4.920000000e-03,-2.412060e-03,-3.497487e-03
4.920625000e-03,-4.824120e-03,-3.497487e-03
4.921250000e-03,8.040200e-04,-3.497487e-03
4.921875000e-03,1.206030e-03,-3.497487e-03
4.922500000e-03,-3.216080e-03,-3.497487e-03
4.923125000e-03,-3.618090e-03,-3.497487e-03
4.923750000e-03,4.020100e-04,-3.497487e-03
4.924375000e-03,1.608040e-03,-3.497487e-03
4.925000000e-03,-3.618090e-03,-3.497487e-03
4.925625000e-03,-2.412060e-03,-3.497487e-03
4.926250000e-03,2.010050e-03,-3.497487e-03
4.926875000e-03,0.000000e+00,-3.497487e-03
4.927500000e-03,-4.422110e-03,-3.497487e-03
4.928125000e-03,-2.412060e-03,-3.497487e-03
4.928750000e-03,2.010050e-03,-3.497487e-03
4.929375000e-03,-4.020100e-04,-3.497487e-03
4.930000000e-03,-4.824120e-03,-3.497487e-03
4.930625000e-03,-1.206030e-03,-3.497487e-03
4.931250000e-03,2.010050e-03,-3.497487e-03
4.931875000e-03,-1.206030e-03,-3.497487e-03
4.932500000e-03,-4.422110e-03,-3.497487e-03
4.933125000e-03,0.000000e+00,-3.497487e-03
4.933750000e-03,1.608040e-03,-3.497487e-03
4.934375000e-03,-2.814070e-03,-3.497487e-03
4.935000000e-03,-3.216080e-03,-3.497487e-03
4.935625000e-03,0.000000e+00,-3.497487e-03
4.936250000e-03,1.608040e-03,-3.497487e-03
4.936875000e-03,-3.618090e-03,-3.497487e-03
4.937500000e-03,-3.618090e-03,-3.497487e-03
4.938125000e-03,2.010050e-03,-3.497487e-03
4.938750000e-03,4.020100e-04,-3.497487e-03
4.939375000e-03,-3.618090e-03,-3.497487e-03
4.940000000e-03,-2.814070e-03,-3.497487e-03
4.940625000e-03,2.010050e-03,-3.497487e-03
4.941250000e-03,0.000000e+00,-3.497487e-03
4.941875000e-03,-4.824120e-03,-3.497487e-03
4.942500000e-03,-1.608040e-03,-3.497487e-03
4.943125000e-03,8.040200e-04,-3.497487e-03
4.943750000e-03,-4.020100e-04,-3.497487e-03
4.944375000e-03,-4.020100e-03,-3.497487e-03
4.945000000e-03,-1.206030e-03,-3.497487e-03
4.945625000e-03,2.814070e-03,-3.497487e-03
4.946250000e-03,-1.608040e-03,-3.497487e-03
4.946875000e-03,-4.020100e-03,-3.497487e-03
4.947500000e-03,-4.020100e-04,-3.497487e-03
4.948125000e-03,2.010050e-03,-3.497487e-03
4.948750000e-03,-2.814070e-03,-3.497487e-03
4.949375000e-03,-4.020100e-03,-3.497487e-03
4.950000000e-03,1.206030e-03,-3.497487e-03
4.950625000e-03,1.206030e-03,-3.497487e-03
4.951250000e-03,-3.216080e-03,-3.497487e-03
4.951875000e-03,-3.618090e-03,-3.497487e-03
4.952500000e-03,1.206030e-03,-3.497487e-03
